0.001831,-0.3607529351365917,0.9549152180708684,0.0,0.0,0.0
-0.00293,-0.36619063312174777,0.9548235795296917,0.0,0.0,0.0
0.002197,-0.36110605184717864,0.9604306924465412,1.89209,0.7249252174276404,0.8095681015025779
-0.004517,-0.3527970343239533,0.9583011862129897,0.488281,0.4137869100704856,0.8166825864399949
-0.007813,-0.3635960516975667,0.9541661358185691,0.305176,-0.5656520202879404,0.3960738086091676
-0.00061,-0.3681845357958255,0.9576949647574703,0.12207,-1.1066236607493474,0.3006859125977024
-0.00061,-0.36116843691379863,0.9671133845016536,0.061035,-1.0854264277015453,0.18047043018750214
0.002441,-0.36140152674746173,0.9705430126344755,-0.305176,-0.5126587640202572,0.09553411777591393
-0.001099,-0.36660606920924527,0.9712367934092829,-0.12207,0.16624146031266815,0.4631498129872359
-0.001099,-0.35396987210899383,0.9656552498195939,-0.305176,0.8345420833139394,0.8908730757554802
0.00415,-0.35978462520128934,0.9543416495316379,-0.427246,1.1562790071949953,0.8236508496129632
-0.00708,-0.35165093603247966,0.962345648563696,-0.610352,1.2481827716199765,0.6539252577138108
-0.003296,-0.34542295580607985,0.9530316250346527,-0.915527,0.6683016078090243,0.427723436416422
-0.006104,-0.3590840658649504,0.9524820488712089,-0.793457,-0.2227178633590824,0.2086361000564502
-0.005249,-0.3633121643048408,0.9581824491714156,-0.732422,-0.7991157067431257,-0.3888129282591241
0.003906,-0.3680091417517004,0.9517765069406665,-0.793457,-0.9405285958493057,-0.28979369408897304
0.011353,-0.3648974094529526,0.9517047636418157,-0.488281,-0.6187924831278253,-0.35701707868742083
0.006104,-0.3597012943948812,0.9433247482896051,-0.305176,-0.18032322361530034,-0.031795849571703276
-0.003418,-0.3606185674332335,0.9555583209555566,0.427246,0.6505885063477063,0.17669287026436747
0.013916,-0.3657101666072214,0.9528012885198667,0.427246,1.619428820182231,0.657409389300295
0.000366,-0.3610214968951303,0.9536280274937389,0.793457,2.2241385551996715,1.4457802577550707
0.002808,-0.36396462542176,0.9485223925209135,0.549316,2.3231568045620694,1.5871929732130732
0.000854,-0.35939610225553636,0.9493279464171104,1.098633,2.0721272232177674,1.604906248322569
-0.001343,-0.3603640531840079,0.9562226089179201,0.976562,2.0827258397416686,1.5447985071174686
0.006104,-0.35820055021958364,0.9544970826437279,0.854492,1.8563766382239004,1.0710500776063319
0.0177,-0.36435894212129155,0.9606004124058313,1.098633,2.0261022301230525,1.1629538420313128
0.017334,-0.36392249460429643,0.9440680367881257,0.976562,2.793422087294475,1.7320899939057375
0.019653,-0.3615257821372655,0.9410199137016381,1.464844,3.8647657668856352,1.9829733534855902
0.027222,-0.37164506624538446,0.9414665031542353,1.831055,4.8195233326097755,2.8950436622888724
0.035522,-0.3805351605935087,0.9307265910744532,2.563476,5.325214991912994,3.542000830477893
0.045166,-0.3866173052779368,0.9244480526268778,3.723144,5.884045955600168,4.942049697123077
0.063354,-0.39594396681199984,0.9281334848442749,5.187988,6.6303149751364145,6.685030751081612
0.094849,-0.4090905479357618,0.9197421213223944,7.263183,8.53997829796465,9.562802120466197
0.130615,-0.42933631941007155,0.9171633019394163,9.643555,11.743850543963505,13.536450342696273
0.182495,-0.468201710538756,0.9098147566810416,13.244628,16.277358727215194,19.10803770853188
0.216309,-0.500340815311337,0.9065025396867824,17.76123,21.666749841466167,26.50391058163439
0.240601,-0.5415773856475534,0.9357979474652427,24.780272,27.664633001048305,36.42417111028958
0.261597,-0.5646654985909249,0.9837878126110641,31.799314,36.01034894192482,47.440159084873045
0.232422,-0.5587166892684821,1.0941636697929913,38.391113,45.71053118722798,60.61625658232355
0.223877,-0.5372850471741368,1.1842132914809245,41.870113,59.16557284442484,73.58676217098794
0.23938,-0.490258719085254,1.2521270908701265,41.687008,70.41766049353589,84.99127485974769
0.209473,-0.453984010252654,1.3409525868277066,38.513184,76.94620871380253,97.17428262401664
0.206421,-0.43748690328959855,1.3922028866009712,32.653809,80.60728919003824,109.09959385056699
0.222656,-0.43977640053290296,1.403079560696158,24.108885,80.82450761130806,120.16975099510974
0.187744,-0.4145165669372348,1.4123679969864682,16.662598,79.73372697847395,132.68264490072994
0.103516,-0.39034066799273537,1.4559238084267958,10.0708,80.52400394412038,145.77513540509423
0.067383,-0.3466479452460124,1.5005661881682253,2.197266,81.99971015154925,155.33185006834194
0.016602,-0.29060898195109147,1.589777573421625,-7.385253,86.47340303712474,163.00009962661696
0.006836,-0.230751562549999,1.6826374554840189,-19.836426,94.06225412271618,172.3332157941993
0.005127,-0.15519443163827074,1.7792566766482776,-36.865234,100.98266525719619,180.18497951006893
-0.044312,-0.08375766919927016,1.8465163660783799,-56.335445,103.41951269427516,185.69673761727162
-0.124756,-0.04227786709378862,1.8404429898929224,-79.711914,103.29625388883552,189.20767700871968
-0.291626,-0.010639207679341263,1.800903288535216,-104.064934,101.00170141943576,189.91866668460915
-0.419189,0.021631140760414613,1.775356868207179,-128.662109,98.41269787487713,183.51239020253558
-0.492798,0.06393198984336128,1.7245575782036586,-154.23584,93.97412809186253,174.23895533533994
-0.555908,0.11961950987157959,1.6266613509111487,-179.931625,88.23061439306223,162.8761054258277
-0.626831,0.1796979861361651,1.479958117069063,-204.040512,80.72596538298869,148.84760536338155
-0.727539,0.2016527649076403,1.3132691443501228,-225.097641,72.06489137468519,132.94181697953834
-0.799927,0.21829989483754167,1.1689473152524532,-241.271957,65.2137277985762,114.5042437431868
-0.862793,0.22323472353047014,1.06011889096095,-256.530762,63.393627476404525,94.59866720385071
-0.946411,0.21033172171684617,0.9252137966976213,-268.249512,63.998739101395714,72.88956164122403
-0.981079,0.19420826111908324,0.8191171405422438,-278.747559,63.528729139576264,49.193559754583774
-1.009521,0.22648987412722743,0.721804384386679,-286.132813,60.59081278980375,25.43425368829022
-1.049194,0.25886798860180793,0.6098814236991108,-292.84668,56.74052806906761,0.5224474497476086
-1.077515,0.3120095518791766,0.46455756334081505,-299.255371,49.98372536125114,-25.83150782495825
-1.095337,0.36468841636638977,0.28952806072671905,-302.001953,43.00376641499729,-55.137714100173476
-1.108154,0.3811181231920739,0.10847748430227884,-301.757813,39.14578162767321,-84.57517632476889
-1.066772,0.3941348947546581,-0.051109664416180006,-297.241211,35.81861414821146,-110.69625476969287
-1.010376,0.41486827675747096,-0.15814444930280197,-288.818359,34.606114173045626,-134.39923673719915
-0.937256,0.40290371490378496,-0.20487806225589303,-281.677246,24.84842768581754,-154.2789598779548
-0.849487,0.3902027088028196,-0.2586819710918061,-278.869629,20.345393276167062,-169.51352690214568
-0.78833,0.37791094351546617,-0.1699909985741895,-265.50293,27.01850611312512,-185.566406327741
-0.734863,0.39700214151645297,-0.13414933137123816,-250.488266,38.0442147361344,-200.29401457997628
-0.680542,0.3850613804788036,-0.21546113171929188,-228.881821,55.13370631919725,-214.26229710747612
-0.612915,0.303290747992143,-0.39845554942849826,-206.420883,67.66211044194955,-228.72493959931748
-0.523926,0.21023317086529397,-0.49072358692946894,-177.062973,79.80155935390928,-243.4420960943047
-0.442505,0.17853670243797934,-0.5626280106754128,-144.592285,88.37402916464816,-254.4498518782156
-0.343262,0.1267523016709666,-0.6218357765022147,-111.755363,87.42521086476255,-263.4798250293327
-0.247681,0.06086536934534242,-0.692455799057568,-79.89502,78.81845213402015,-270.2034733240981
-0.125488,-0.00918791076593203,-0.7232766616452914,-48.583981,68.19982031667773,-277.4677998309884
-0.03833,-0.07356180200649749,-0.7497502640550097,-17.272949,64.36277825264808,-283.4743715135905
0.008789,-0.1480511078491328,-0.7504894257980217,15.99121,64.97386922051702,-287.64301372267545
0.047363,-0.20424318207942108,-0.7249470307126393,47.851559,64.60203614163328,-291.86101883467717
0.190063,-0.2538853370950087,-0.68312695961743,77.758789,58.8312383900781,-296.0393790279798
0.412598,-0.2461018259592559,-0.6464278247720467,107.360832,51.091403811383266,-297.8379576486458
0.754395,-0.27477731231375657,-0.5526932316309187,136.657715,43.52884716365877,-296.07260414254057
1.053711,-0.3615878944122788,-0.3696752770452667,169.189438,41.24969888323271,-286.3102967022658
1.253052,-0.506041895151142,-0.16905457172416452,205.261215,44.57932543617752,-267.9358743565007
1.397339,-0.6543242906615533,0.05679664802833965,239.257797,48.65595067121408,-242.55030497341193
1.635864,-0.781462735286685,0.3476083723506274,263.977051,49.756230685591106,-212.2356090054875
1.763184,-0.8700104015449089,0.5981231132866094,275.57373,49.50758698566007,-169.70144399054234
2.077515,-0.7774038520993766,0.6999805146366938,273.31543,49.4623706483391,-113.55851447327437
1.687988,-0.70599348161307,0.6289029676896555,270.751953,32.584782026348634,-50.5292833339763
1.094604,-0.6178148856663858,0.31510776597702345,290.588379,25.671276331993873,-8.860432525917467
0.893921,-0.6365766170565604,-0.0037858856064518238,263.916016,6.741253281886052,16.249007279487124
1.426392,-0.37928186641911066,0.33312024003749147,263.000488,-54.02169986681466,24.12787692925812
1.769653,-0.33915596879839965,0.9097615055658372,274.230957,-92.2894826590651,40.80743109049365
1.837769,-0.5549767588583244,1.548864021948702,274.169922,-87.88719915434288,68.91540284792666
1.606201,-0.5814919087978602,1.7695362210329635,257.263184,-36.91669307422659,96.18601116049186
0.712402,-0.6495189268804067,1.8671159080164585,235.656723,-14.99238358967328,118.7688282845187
0.775391,-0.8210236551757862,1.6376818049251178,193.054184,138.39075222947136,134.2867433020341
0.49231,-0.9436992495494381,1.5706835575967641,165.161118,60.17571105358219,116.71474174801855
-0.145752,-0.9764131044936135,1.4040239219536623,135.253906,-14.883316745655138,140.2939901182567
-0.252197,-0.8339798899485249,1.2732057683993763,100.646965,-39.68667965800987,135.79653489799193
-0.219849,-0.8216769322281071,1.2153816767045678,86.303703,-26.014939269560077,105.35956168740559
-0.23999,-0.7456953392359338,1.1640752824503255,79.101563,-17.640946242754257,90.90810420489818
-0.206421,-0.6981747121039124,1.168735958901162,66.955566,-15.575092832639944,72.86529202591407
-0.234863,-0.6559885633539274,1.2605869293840273,59.814449,-34.77609787790584,56.2785912353066
-0.231323,-0.6012140763852235,1.3625900762291872,53.161617,-40.75307642161725,44.13085540008565
-0.157104,-0.5712996354980465,1.3785247478419818,42.053219,-27.552443317433696,32.885584347399806
-0.108765,-0.537019532296114,1.316270645595906,29.296873,-16.663783457149197,24.207528115727754
-0.076538,-0.5191927563975929,1.2130622655433931,18.066406,-7.613347657174359,17.870344744502347
-0.016235,-0.5425528873749697,1.0889563740123307,10.253905,3.9261941377944973,11.476242365706169
0.009766,-0.5369214588986473,1.0064051222997368,6.469726,12.393117435799697,4.230472643615785
0.03186,-0.518037745336501,0.9766390309355214,4.02832,18.088111624806736,-2.7603431944981787
0.075684,-0.5048376312463715,0.9601253264145013,1.281738,13.830315198693208,-8.841104207959805
0.107056,-0.49231689141490553,0.9453510760080426,0.305176,3.148677727721104,-11.53026346085236
0.140137,-0.47331483588567774,0.9500653690265285,-0.793457,-5.7827179825906,-13.600923021442343
0.189331,-0.4607136743032862,0.9566262117143589,-2.502441,-11.058129263029814,-14.964957322739304
0.239502,-0.4682388673734738,0.9416641685966427,-3.234863,-7.77353826193996,-15.315445788354854
0.286499,-0.4804976142920932,0.9134721595695223,-2.990722,-0.942436255874546,-13.98698507020091
0.306885,-0.5016874162098943,0.8853168466129175,-1.525879,4.350835506246366,-11.318290609429805
0.305786,-0.5108248215491724,0.8773846448589445,0.732422,11.790423996092779,-7.465445247227764
0.278931,-0.5091854450899749,0.8694924189482759,2.685547,17.327759857160103,-4.07197045868936
0.267212,-0.5049600999689615,0.8469344359797495,4.455566,19.672261448638533,-1.5513643593721511
0.251953,-0.5059013770935757,0.8382155250744426,5.310058,17.865687363432478,-0.44444709663797555
0.251465,-0.5184727948151608,0.8476508653157595,6.04248,15.412007918657457,0.11453107362140064
0.252808,-0.5222769640741324,0.848839333762584,6.225585,15.334333297755485,0.906532295427109
0.237305,-0.5282105738769456,0.845933832134989,6.04248,15.719662268076304,0.47866165243848546
0.234253,-0.5348040873926372,0.8256822129276664,5.432128,15.758426380820975,-0.4441536683013246
0.224487,-0.5299529666690374,0.8220747964386733,5.493164,14.962793647208402,-1.2042118339631285
0.215454,-0.5248981175447992,0.8180087900034608,4.882813,12.989685831808963,-2.6677061779872697
0.214722,-0.5227248433620793,0.8302907659164286,4.333496,8.916432156246833,-3.819766643053923
0.240356,-0.5341962170949375,0.82504508915541,3.479004,6.384785647040941,-4.576048059952167
0.238159,-0.5416777501744247,0.8182720366839952,3.173828,3.7577512418235823,-4.791357836389005
0.255127,-0.5379594257028513,0.8154569494519366,3.234863,2.389499383206032,-4.412850907476706
0.282104,-0.5461190432056525,0.8188526348331198,3.356933,2.4744348844580455,-3.840084402251349
0.278198,-0.5463155566377434,0.8291062866445968,4.211426,3.5177602744006364,-1.672862885006944
0.277954,-0.5403677796566736,0.8347417222074841,5.065917,7.188118911104655,0.7096692198338729
0.255005,-0.5315838500348132,0.8418683043755508,5.798339,9.826044550022988,2.9721310792211852
0.228149,-0.5248893311342565,0.8320161185424432,6.16455,10.978840410439254,4.1670281510445815
0.214111,-0.5267265108608945,0.8417327125265525,6.469726,10.954159045804968,4.658489682017036
0.205322,-0.531139905942625,0.8309139735587912,6.652832,9.812109008484807,4.457115447118382
0.218628,-0.5357072589424425,0.8364306720801042,7.385253,7.94876509189569,4.128557640284738
0.250977,-0.5405867680017896,0.8366862368267923,7.8125,9.267654221244667,4.73297377331735
0.234497,-0.5409513525509901,0.8584373760637722,8.850098,10.79880980400103,6.242492125628454
0.233887,-0.5386662935364052,0.8672693499258183,9.033203,14.447825159540976,7.691608323590053
0.21936,-0.5357170122491661,0.8716317620898327,9.094238,18.425692735058966,9.384641761222221
0.191162,-0.5270956533077581,0.8810854684002384,8.911133,20.292666020191263,10.395583750327098
0.168091,-0.5181447030662507,0.8724993420458189,8.056641,19.479320185117373,9.38449501851324
0.170166,-0.5176220517550267,0.8639146791749266,7.263183,16.66121968761187,8.14386707652449
0.171387,-0.5125458439049355,0.8597275413860936,7.141113,12.068189808668809,6.776201900932064
0.166504,-0.5085354439748115,0.8644009394432316,6.530761,7.05789201614021,4.963099723598678
0.166992,-0.5148916391439601,0.8723286372787757,6.16455,2.949211152847691,3.308977952579738
0.186646,-0.5097294011478178,0.8760901970445092,5.676269,0.3786541354845,2.4218824367473917
0.191162,-0.5084123587514139,0.887601785958559,5.065917,-0.08101154591625173,2.2168778484978056
0.193237,-0.5044658073714372,0.8905295771405259,4.089355,0.8240906733622401,2.0046113950904223
0.201172,-0.49447743754571,0.8697310631978303,2.685547,2.0721272232177674,1.604906248322569
0.208496,-0.4959515079171502,0.8429451554375912,2.01416,3.055050285162678,1.6542689775911414
0.205566,-0.506247529883978,0.8429889350972352,1.89209,3.086846308382559,1.473944769168088
0.202637,-0.5075206189725604,0.8417723833422602,2.13623,2.9312044494015446,0.9506873886239298
0.20105,-0.5121869991302795,0.8429327027912246,2.197266,2.53164552439814,0.7562812432500666
0.17627,-0.49799216499606397,0.8636574655860579,2.502441,2.0684968698668347,0.9225218924031594
0.179932,-0.5003606744860007,0.8637353616455183,1.953125,1.4179083635191285,0.745829022138792
0.18335,-0.5001625661909634,0.8703401036619363,1.708984,0.007114484937416985,0.3111383073571547
0.18811,-0.5028066553388576,0.8719808896254271,1.220703,-0.9829230619449101,-0.04936272926857259
0.200317,-0.5085554588860808,0.870843338406609,0.915527,-1.2693800046677786,-0.5337097753036106
0.206055,-0.5118038992209989,0.8576274739857519,1.159668,-1.4142768517122648,-0.06344547737895778
0.208618,-0.5099499186661707,0.8653913652847282,1.770019,-0.7035817626153893,0.12384682056888613
0.209961,-0.5086061367762,0.8655044282414673,1.831055,1.0537767998942908,1.0534831979094625
0.203247,-0.5038254695161015,0.8672145631917628,2.01416,2.4009788056844186,1.8488213447294535
0.192139,-0.5074332450119254,0.8560423485065836,1.89209,3.369819119518943,2.329537863765381
0.185547,-0.5167258441254062,0.8539082843753693,2.13623,3.7516637846050993,2.272914254146765
0.182007,-0.5033335351629614,0.8489566073206308,2.13623,2.842931211975674,1.8027963516347385
0.184692,-0.5120808344040155,0.8465460327029399,2.502441,1.8494083750509323,1.8135421747308413
0.185059,-0.513451768773618,0.8536184178702116,3.356933,0.4952392645437673,1.7606953138757848
0.196899,-0.5143620239125515,0.8630019100550032,3.90625,0.15230493396673173,1.9481340072362552
0.199341,-0.5143844988255765,0.8546927728628343,4.638672,1.6869456331173294,3.0864064846332817
0.192993,-0.5164915301461029,0.8546928925317778,5.310058,3.094254395304804,3.892343074328996
0.198242,-0.5135800494060762,0.8480170447279066,5.981445,5.187432629805925,4.3234034357597
0.196167,-0.510852868789661,0.8311452948813302,6.774902,7.07560511760153,5.214130289750732
0.187378,-0.5157381176235526,0.8363571602701292,7.751464,8.235368256383008,5.666535090801441
0.187134,-0.5197346014237827,0.8238765699301454,9.033203,9.186495468756215,5.896221043685314
0.196289,-0.5290116238547137,0.8350087547927859,10.253905,9.755778016043266,6.182530606187802
0.19873,-0.5339676311797033,0.8371090615310148,11.413573,10.721135356747237,7.034492362626408
0.199829,-0.5430031363732589,0.8524978528382366,12.634276,13.129082251956447,8.140822595039106
0.211182,-0.5499758146024726,0.8470543610993019,13.610839,17.209452208423322,9.604022699567022
0.221191,-0.5535845209268155,0.8337739566376657,15.258788,21.502085490226143,11.97232548723665
0.233887,-0.5588107271420487,0.8261597586762349,17.150879,26.604435412207852,14.669331839641151
0.248291,-0.5602676376784681,0.8231754301606605,20.019531,32.57312541033889,18.076887406674434
0.245117,-0.5570865563929157,0.8156789304538169,22.766111,37.32208565256085,22.075070077181635
0.260986,-0.5714115476291818,0.7767114177530953,26.123045,40.3562319593642,25.956816504602237
0.279053,-0.6123442992626849,0.7501571002753299,31.616209,43.270310684922265,30.87099233787387
0.292358,-0.6485780835118894,0.70187160449262,39.001465,47.18531900222321,38.192822449177626
0.292725,-0.6826077452408706,0.6839714725207292,49.011227,51.54954107002867,46.833398422489175
0.288696,-0.6900283027580311,0.6599794129356391,60.791012,57.01008578035672,57.3406508343099
0.239868,-0.6953048999918766,0.7559806154209818,74.645996,63.37950662087044,69.37165514505895
0.265991,-0.6658427830669801,0.8799236312439952,85.571281,74.66716704196493,82.33185740098898
0.250977,-0.6270353091541486,0.9297778763742236,93.627922,82.48280796398299,95.29961355882378
0.277466,-0.6393087083724133,0.9972760722288471,99.609367,89.34369091349502,107.35529019728918
0.312622,-0.62791920840805,1.1288152132613238,104.980461,94.43676348616799,119.59507682985914
0.368774,-0.5647040238419304,1.2166894215381066,104.919426,97.26330205273791,130.62951399584625
0.349243,-0.4935684760777574,1.2990177317982536,102.966301,97.0423444691837,143.48171187869255
0.36145,-0.42917506675778666,1.4111460104845455,98.205559,95.63708738844093,157.42660378959653
0.467407,-0.34210382124054334,1.5254147728567526,88.98925,91.11333657185332,171.1314978394233
0.540771,-0.2367390103467767,1.696207911809466,75.927734,83.60946198987531,188.02950336638835
0.565186,-0.1570514230059528,1.8509463405619853,59.570309,78.30518838915263,207.9183948738711
0.439941,-0.10428641539387662,1.9425546236410691,39.123535,71.77363564787295,224.92588564342614
0.255371,-0.09083485184660939,2.008266778423376,16.113281,64.0603891090299,236.33303669425146
0.105713,-0.07574591968915592,2.045015235633819,-8.728027,59.701851913876446,243.1256690007166
0.042847,-0.05143561697363638,2.0378975416336664,-36.682129,62.781877165658244,246.39573644513905
0.001221,0.03133309391083683,2.0289411091115914,-65.917969,68.90199030699377,245.42964585234915
-0.148071,0.12805820439581056,2.0040998537956938,-94.848625,67.56175656437662,243.89181560840467
-0.318237,0.19650369900075595,1.8661850534938973,-126.770012,61.9497912014041,237.75820674928022
-0.359253,0.24471320506016297,1.7460219995733681,-154.663086,54.96113886517286,222.20929611601423
-0.439087,0.3240366635956446,1.6188259802529126,-180.236801,44.85414388181869,207.4740249768883
-0.62207,0.40250698475894586,1.4648296583665494,-206.298813,39.87387968944144,192.8370374458534
-0.799072,0.41679416398204155,1.3367020548033548,-230.468735,43.526927635602426,172.47105959903746
-0.921753,0.4311687350773445,1.2720530086013722,-248.291,56.595267857528015,150.72840833554184
-1.074829,0.44930209470793153,1.136175549538039,-269.287109,75.020336380164,130.24015226125624
-1.254272,0.513004031109359,1.0096947471184288,-283.081055,89.04197797317838,98.87325613864691
-1.341675,0.5011368000377744,0.8478268875672083,-299.743652,96.39380386742482,56.47600073196455
-1.386963,0.5202414983280899,0.6811308969488493,-310.668945,95.96703245941717,13.202974146893988
-1.404175,0.5221820123064475,0.49789814646329944,-320.556641,86.20278730380372,-28.43173095382545
-1.364014,0.5311884379181416,0.3315295835594232,-325.500458,70.52342177741129,-69.56001322693388
-1.236206,0.546240126785095,0.15618642533460844,-325.317352,55.20485847787639,-109.57107577281462
-1.146484,0.5517936295799095,0.015735008358103767,-320.678711,43.20007615332547,-143.41993253900745
-0.961548,0.547209529731136,0.0016632054680518016,-320.800781,39.60038368314862,-171.51032779939558
-0.882446,0.5436575525446677,-0.10965374347983668,-323.242157,47.01628007595234,-185.44897832650278
-0.792358,0.5373619739310149,-0.12526614671954706,-310.119629,68.8638679528202,-206.01548799990164
-0.721802,0.5533654076518542,-0.017083644321318557,-296.813965,80.36273878617872,-225.183965275614
-0.675781,0.5017650201369459,-0.17504981871733064,-277.526855,90.31420286274901,-235.57669153785207
-0.555908,0.48763506713876803,-0.23902234573689807,-253.601059,95.47794600023491,-249.04479876351792
-0.43457,0.41995504621936064,-0.3880489063505973,-225.524887,90.81245046856573,-263.0065164235708
-0.32019,0.3267020601371172,-0.46795608707138686,-193.237289,98.29615826109712,-272.4089096838931
-0.211914,0.24318037958272365,-0.5306529813993345,-158.935547,109.94894826011095,-278.0393225588688
-0.113281,0.1574724818129936,-0.6041475492863116,-121.215813,121.65488150273977,-282.91664304079563
-0.051025,0.04319253345333621,-0.6547914486910182,-80.749504,129.04756535199292,-285.82753088945566
0.008301,-0.08633284573039889,-0.6035061559131697,-35.095215,135.18872162614977,-287.96746875832287
0.071533,-0.18003184727770802,-0.6253577922371928,8.178711,139.7496600839208,-288.52674070421523
0.131226,-0.23078073479665828,-0.6152171854708827,47.424313,147.20303968950827,-287.2125087822879
0.271118,-0.2726941293428866,-0.6228554118757619,88.378899,149.13012268546117,-286.1909678293628
0.474976,-0.29457955268194297,-0.5704394596639563,130.371094,142.1584876114363,-281.09862949358353
0.786865,-0.32201126911212746,-0.48094835628661525,168.884262,130.3862155557464,-270.2212634515664
1.126221,-0.41721206247769627,-0.32767016035658003,210.205063,113.7392712877583,-252.0844835475607
1.320435,-0.5527688673677346,-0.06573598379116104,250.732407,90.73642569862025,-224.96619908990235
1.448242,-0.6433132553086228,0.16657751225547401,276.611328,63.788692116204,-191.29224387404773
1.421997,-0.7607805705191315,0.4854966249631244,286.437988,44.383346596098285,-151.88803122975975
1.567993,-0.7633963613781745,0.5439138871223675,279.23584,37.09235909042021,-104.21201104954025
1.477051,-0.6991290120267933,0.6609782661808478,288.269043,44.193858608963566,-65.4019394054111
1.10022,-0.7256882249063664,0.4650344808820598,283.14209,52.76012850693877,-44.74066303451494
0.778564,-0.6185070947546802,0.16438169747001938,266.967773,54.9381337810548,-19.132098754165924
1.014526,-0.39286783373739786,0.31808159069566455,259.399414,21.3902665511702,-3.9134320193878738
1.321289,-0.23300074285869982,0.7098256928516282,266.052246,-5.114524836418677,11.431537828667036
1.530884,-0.3155834247672132,1.0945176965660248,259.643555,-6.224300108186404,39.86909679464579
1.480347,-0.4590757716088616,1.4942533954958002,247.985825,14.657122651717662,63.445583614873215
1.300659,-0.5231602635540858,1.6186825994517946,227.539047,42.30880671461116,83.07178526471294
0.62854,-0.7933232033388854,1.549476907317153,204.284653,17.477467442695705,106.14902964757766
0.829346,-0.7689786103308545,1.3846969233134117,180.297836,109.66419101071357,89.1225446345979
0.61145,-0.8617864525324558,1.355689319967346,156.677246,-3.2509191007712124,89.78882787218706
0.136963,-0.9252387765320796,1.3528061375161706,132.8125,-72.33094771737794,114.60825769773987
0.057495,-0.8563557184674843,1.356523022861403,117.370598,-68.70082004488681,107.37730432314216
0.032471,-0.7454769198580056,1.356861059721304,103.149406,-58.97991780311611,91.61392614810691
-0.085938,-0.6711914503744767,1.3622748436670942,87.219231,-40.47512315178164,85.08449833742304
-0.07312,-0.6563319628254527,1.2822179220751395,72.265625,-24.07194208031895,68.33020852955707
-0.032959,-0.6359687080772565,1.2145357194140258,58.837887,-32.70092634685086,54.351361032781504
0.006226,-0.5950003944719818,1.1923822311482948,50.170895,-42.94846326143425,46.0368873847552
0.051514,-0.5672348106951982,1.2212004882526795,43.640133,-43.65989293472116,40.58144549787776
0.053467,-0.538661506337583,1.2580957118336131,36.804199,-33.9511638114201,38.94661283601816
0.007813,-0.5359540294037437,1.2989809996600763,30.09033,-20.123599839523813,35.744908031133036
-0.030029,-0.5151302394510087,1.2891425445982094,20.751951,-0.6246954945912947,33.41925636257607
-0.065552,-0.5189494049593841,1.2383913284569223,12.390136,9.995954123813938,29.776033066302453
-0.089966,-0.5064926629690567,1.1642327840807924,5.737304,15.3198496444791,23.835362689924093
-0.085083,-0.48617874229639607,1.0975329388642943,0.183105,12.804741828795214,14.901071847962891
-0.028809,-0.47170397387678537,1.0435625241521702,-4.394531,6.835320374545576,6.225366228136792
0.056152,-0.46309797019161236,0.9947554519128853,-7.080078,-0.7461226241236202,-0.6893516342846248
0.093384,-0.46703488793380904,0.9545195394006633,-7.690429,-6.562798973360892,-4.256034814204557
0.127319,-0.459474408297399,0.9678763224589984,-6.652832,-7.7476844589818645,-7.377867675408653
0.142334,-0.4513108016196051,0.9918755196124507,-6.347656,-3.8621612827977048,-8.67600020661868
0.17688,-0.4673697943119127,0.9880518141179847,-6.347656,-0.8180030424955784,-9.068884470433945
0.208374,-0.4787187468558007,0.9912567798208554,-6.225585,3.8351324343889015,-7.69062004080622
0.250244,-0.4722620249775612,0.9447971516627753,-6.286621,13.544591855352623,-4.0573018387134265
0.231812,-0.46033231854794315,0.8968239019864908,-4.760742,21.153759541685563,-1.1661821317603147
0.208496,-0.4586871483349671,0.8818673593054319,-3.234863,24.30768185444619,-0.4241308431928345
0.199463,-0.4678457387519205,0.8740553040973263,-2.075195,25.403853120436082,0.38892138989622654
0.204956,-0.4848130506249567,0.8535859863802375,-0.915527,28.68873673870301,2.1456927484362502
0.195923,-0.47688823748770864,0.8346545039834546,1.159668,30.392955649532386,2.3222393969361694
0.187134,-0.48350615016415477,0.8384459155684628,2.502441,31.379363016711956,2.000355092834734
0.198242,-0.4800920330241733,0.8296278038570767,3.723144,31.987409676743678,1.3638493345974123
0.200684,-0.4819728727415118,0.8311554071948846,4.882813,28.699041926890263,-0.021675975380356798
0.180786,-0.4873170979846577,0.8466985271374997,5.981445,21.8079784013842,-0.3071049055765379
0.175049,-0.48868785870608245,0.8537699274970183,6.225585,14.510242624393245,-1.0980790996633134
0.175659,-0.4824135848390487,0.8673954459620699,5.676269,7.930170199672135,-2.444253092926754
0.205811,-0.4919099663324018,0.867827987905354,5.187988,3.765013106981379,-3.4265899357097607
0.227295,-0.48951306850671783,0.8711019435881987,4.150391,1.4668302842306713,-3.3979846157397136
0.240845,-0.4850026658265724,0.8588825263900286,3.784179,0.8905796474188297,-2.9418030659254457
0.237427,-0.4795646745242951,0.8610802114439786,3.723144,1.0003437198773306,-1.8068675135427015
0.239624,-0.47518095761366164,0.8601178149313985,3.295898,1.7111861891945856,-0.5659456222727686
0.22583,-0.47978939093348016,0.8743040902824829,3.723144,2.2841000746403224,0.4027484697973075
0.190796,-0.4877397194186549,0.908848334925807,3.295898,3.6347852272091807,0.826840394406866
0.189819,-0.5020804430740763,0.9058241502358718,1.89209,5.961279767945108,0.9891578993837731
0.177368,-0.5043527444146979,0.8891857952505552,1.281738,5.604116467493238,0.554319978029934
0.179443,-0.5035755131645389,0.8854804677908324,0.732422,3.2103995269666163,0.0702665339797242
0.18396,-0.49082045935376956,0.8714908255407825,0.549316,0.9935216784688111,-0.010745011936527517
0.195435,-0.48780218808655657,0.862107387335225,0.549316,-0.6929829724433105,0.06373809455603299
0.206787,-0.4863549408099648,0.8468681814070803,1.281738,-2.1390558473754564,0.18061682560012865
0.203003,-0.49143651771729424,0.8686557773766888,2.319336,-2.9946489419727493,0.46358963673651293
0.201782,-0.49270135305034213,0.8751264450068699,2.624511,-1.1134447173501139,2.096808587852054
0.206055,-0.493577665437637,0.8765834095225234,2.807617,3.4229595823588275,3.0826287510619697
0.186646,-0.4991198793068767,0.887628818769247,3.295898,7.2840938374376,4.383218559787725
0.171143,-0.4899543789489727,0.8968068257527517,2.990722,10.498123891403326,5.135868464879106
0.143433,-0.47899248586731036,0.9070438620946919,2.01416,11.09920228826208,5.241854803766294
0.135986,-0.47352792871964383,0.8978440059990844,1.098633,10.126730462620692,4.078754739970533
0.131348,-0.4654106813721934,0.8946886137096363,0.244141,6.951464695047814,2.403288529331589
0.140869,-0.4719309224157971,0.8901920731801507,-0.549316,2.5669256792045054,0.20471098626475845
0.163696,-0.4783324264178266,0.8751804026697777,-0.854492,-1.2624127263025633,-1.276202046076298
0.181396,-0.483056741702971,0.8696378297937074,-0.610352,-3.115158026367778,-1.6648675941150426
0.189331,-0.4802630131967654,0.8734772856189011,-0.061035,-3.2848836182669303,-1.7567713585400235
0.206177,-0.4809766352346644,0.874714157312742,0.549316,-2.7614788575023925,-0.8587836241989487
0.198853,-0.4745129855039021,0.8788290731269498,0.732422,-1.2374377596834487,0.33959642075500035
0.192993,-0.4659422504733792,0.8808358531439343,1.098633,0.48101012102075574,1.1384196839692284
0.178101,-0.46285304706689057,0.8745629887811939,0.915527,1.35083235914106,1.4777225027394005
0.165405,-0.4582221928132811,0.8707938667505578,0.488281,0.9761021789923214,1.8454844197151712
0.16748,-0.46088332212725247,0.85074010478991,0.549316,-0.15534924180393883,1.5840024436114173
0.174805,-0.4648526417373755,0.8373971299030007,1.403808,-1.9585854171879544,1.2660432533016737
0.171509,-0.4731096375558979,0.8511868139114508,2.380371,-2.9981330735592335,0.8348356852987677
0.182739,-0.47596544610112673,0.8624591602312283,3.173828,-2.4147679518099747,0.6897924428416548
0.185913,-0.47909438601303256,0.883722869033497,4.089355,-0.9544649485470644,1.1951895153522931
0.183228,-0.4776573707189388,0.8952566278329751,4.211426,0.8169761884248231,1.6934730877332675
0.177734,-0.46629401165890705,0.8989956587064495,3.479004,3.0904776465412445,2.1563292987356752
0.170532,-0.47081771637849956,0.9063782842969786,3.051758,3.776492529459765,2.8350823164963987
0.156982,-0.46840233281478316,0.8905664946373566,2.868652,3.3734504576776287,3.0119223933329677
0.154785,-0.48335204295507633,0.8797491651738886,2.868652,2.379927794401065,3.022667231621318
0.146362,-0.4774054901196466,0.8811703644475454,3.173828,0.3963674105939958,2.6729120180916937
0.152222,-0.48170288356710766,0.8921875050274654,3.234863,-0.9543177419748626,2.2488200934821347
0.161377,-0.48259311208429656,0.9014516618259648,3.295898,-1.5307157590070837,1.6513720499743139
0.165405,-0.49021432794514613,0.9095279485223577,3.234863,-1.0109423364012318,1.8669752547478016
0.159546,-0.4783566402199281,0.9055455122314406,3.112793,-0.6786067959962748,1.7396452874001844
0.154297,-0.4831217425079522,0.910778562697915,2.685547,-0.2861633407380402,1.6229129517687153
0.15918,-0.4805201431843524,0.9072710385056328,2.319336,-0.07752741432976766,1.8456317999355507
0.158203,-0.4847083971603573,0.8937645621097522,2.13623,0.7674670637436241,1.6227667300042665
0.161743,-0.4843480771916984,0.891721086022252,2.197266,1.9341976545384965,1.3326782754745345
0.155762,-0.47714161763818996,0.891629076763769,2.441406,2.609467525520489,1.017909614766447
0.154663,-0.484878236788591,0.8884046405151129,2.441406,3.189348515683263,1.2441124208715888
0.15979,-0.4910155632815672,0.8922807924108224,2.990722,3.012509423654447,0.8410705227376306
0.161255,-0.477535760689544,0.9037061118409339,2.990722,2.722568349345094,0.7279695252648474
0.159668,-0.4771117001292059,0.9076242748851634,2.380371,2.5952373971897242,0.3956338112117129
0.15918,-0.4706861019940185,0.890163804513347,1.953125,2.475021914779524,0.37443657816391074
0.159058,-0.47303910049111486,0.8992929021178566,1.953125,2.2698711047654885,-0.2195281449170019
0.170166,-0.4684307211505304,0.8872146428950516,1.831055,2.2804697212893896,-0.27963588612210194
0.179688,-0.4684462321433708,0.8781634413500023,2.13623,2.987680852447959,0.27890147558024375
0.179077,-0.4674287734911861,0.8702854365968243,2.685547,4.07673861830819,0.7808155749603287
0.172363,-0.47828309234229116,0.8741980452251625,3.540039,5.515843230067367,1.4064289410407427
0.167725,-0.4776103769762156,0.8816297655533399,4.455566,6.866529193795802,1.830522024106232
0.166138,-0.46857913636320153,0.8859486373955976,4.943848,8.015693889701557,2.3430335815542875
0.174805,-0.46616135848743884,0.8806733364427162,5.432128,8.783013746872978,2.9121697334287115
0.161987,-0.4657233817972068,0.8767843072040996,6.16455,8.973936571819936,2.8838580154434927
0.151978,-0.46285304706689057,0.8745629887811939,6.713867,8.775899088287385,2.6010324108793106
0.151489,-0.46885605983574274,0.8811902596898711,7.202148,8.20661671464851,2.3147218635690683
0.160645,-0.47472746993058923,0.8652799872378313,7.568359,7.418098639621534,1.8658010204566662
0.168701,-0.48254807221135043,0.8646453117568551,8.300781,7.746950048440008,2.109717101671304
0.182251,-0.4889764353758903,0.8589251358832665,9.277344,9.03752844461152,2.523210583405139
0.17749,-0.4899682050319707,0.8511893935821503,10.559081,11.487868994756756,3.3891086925415044
0.171509,-0.4895500696048302,0.8537417784991582,12.20703,13.835707163953112,4.4848401347821225
0.17688,-0.48985514207523145,0.8498456116921794,14.09912,17.046254071140112,5.608736262083936
0.204956,-0.48381098329666883,0.8387638114025369,15.624999,21.968132404478386,7.220316997946467
0.210449,-0.4810682377081792,0.8288352469727303,17.822266,28.353944905590083,10.019680320694977
0.207397,-0.49052083954188835,0.8395638108828423,20.1416,36.101044303865976,13.183027362984724
0.206177,-0.49784225023220363,0.8220351616906274,22.216795,43.271739776263125,15.748925319877587
0.198975,-0.4995675371685086,0.824085721367256,24.536131,48.21147940244268,18.66516737367019
0.205688,-0.5151825740581525,0.8156307486331154,27.343748,51.22776673331661,21.242250860841565
0.245117,-0.5200664673669848,0.8334869452087565,28.686522,54.275849740114076,23.639012109205396
0.22644,-0.5292845698627375,0.8513221960446096,32.714844,53.6649049940096,28.861284722772055
0.218872,-0.5432080232298279,0.8529572539440313,35.27832,53.40008644018791,31.417610800644905
0.226196,-0.556874741683824,0.8657940733203099,37.963867,50.32805647929802,34.78046165699088
0.238159,-0.586092582787607,0.8761365742864248,40.222164,45.477616770966925,38.3875230076959
0.260498,-0.6234699874149571,0.8877667445054434,43.212887,41.270650910397926,41.860139906115876
0.305054,-0.6554746587944704,0.8893126778446782,46.32568,37.01780662579504,45.94443283311076
0.34436,-0.6705290584670248,0.8896333809768635,49.316402,34.11942557462866,52.18882966434119
0.367798,-0.6619878523166078,0.9374977126080069,53.710934,33.28271981578382,61.1518740176524
0.410645,-0.6425758854937264,0.9926088269323184,56.335445,31.85234322605794,72.42733329166057
0.508667,-0.6117782404343935,1.108977686326915,58.410641,29.49232979512826,85.46014800010701
0.61853,-0.5576357835862569,1.239875050377715,58.654781,27.539576224030792,103.21301991594133
0.691895,-0.5131081041777892,1.3388325881173775,57.250973,28.43004688886799,124.8759572181321
0.643188,-0.49078070350755015,1.4659793454976213,55.175777,31.14524450704052,148.84390430852088
0.571045,-0.4595038277898066,1.5697886140160768,50.109859,37.70009330475011,172.125375721064
0.528198,-0.400973628788382,1.6758018557637644,41.687008,44.86254140998072,191.60946487695975
0.397949,-0.2963793902521865,1.8411291477334615,30.639647,55.05854305649485,210.76077745316405
0.207153,-0.19166500517012355,2.0064776247808336,13.305663,60.50195706185933,225.2315235238863
0.020142,-0.10018304599922052,2.1618081195210914,-10.803222,65.20592327793653,236.16316488058789
-0.072754,0.0016656640075606488,2.2646747374783014,-40.710445,74.15895604504533,241.27449936105305
-0.218872,0.08826796482812531,2.362622109870747,-73.059082,80.48741069964471,238.4238664601703
-0.30542,0.186688720145969,2.2726325510727112,-110.351555,81.99212446431376,227.78128554547177
-0.355103,0.2782348460303619,2.07470744186077,-150.024414,71.3477822850026,213.6330098243647
-0.504761,0.3424453143428942,1.8919184978868926,-183.288559,57.48577888721522,198.04969868379095
-0.67395,0.38374848679265255,1.731492486932978,-211.364731,43.86348073332797,177.24063398321678
-0.858032,0.39764683804239853,1.5999494763944522,-238.586411,34.90068585156875,152.8528334967169
-0.908325,0.3845491273754694,1.440838834637575,-260.498047,42.63381449582046,131.8427883991076
-1.035034,0.4116477484519505,1.2435725425733875,-274.963379,62.15504600160666,112.16759122083583
-1.113892,0.39782217667805975,1.0358682625064495,-288.024902,78.42202234097945,82.1262657824179
-1.146484,0.3993121120288273,0.815121345378145,-297.546387,82.83336799934919,48.3210944040073
-1.184937,0.3834317159977661,0.6253994415243816,-301.635742,83.29545238697875,15.121072584363402
-1.230713,0.4266709756631206,0.45750618433817997,-301.269531,83.28031174467635,-17.481350626399546
-1.202881,0.4134388316031239,0.2935373922478084,-300.537109,77.15099218627134,-57.23559205261421
-1.181152,0.4045759800260447,0.07245361487162312,-294.86084,73.7207279975073,-87.34135130827624
-1.00061,0.4042954328309558,-0.06022681550630158,-287.231445,79.6880593726735,-119.07484415048816
-0.825195,0.4779376436931911,-0.005469086852511746,-281.433105,75.38929890390934,-140.037243013093
-0.792725,0.42922717467771376,-0.07578685594605042,-285.461426,79.2662361693497,-152.1828002270186
-0.769165,0.4167550774311514,-0.059889090119611355,-273.55957,95.15313408936902,-169.52394531363365
-0.71167,0.4131866973454862,-0.04316465100900955,-255.249008,100.91358842874638,-188.8365873427605
-0.619385,0.34867840233390074,-0.018964747978248167,-236.145004,85.73617592031732,-205.39556037471414
-0.531128,0.3726848684351345,-0.01944130891906358,-216.247543,81.51641052851072,-217.66728907862026
-0.457886,0.26101642844240613,-0.1580033995304224,-192.993149,83.47004496264397,-229.098387083538
-0.369873,0.15845118734224345,-0.22728115145746963,-161.132797,94.88181580806,-238.98571459386497
-0.303833,0.019202388079247564,-0.275509143254909,-128.112793,106.39304831611811,-245.57075358491662
-0.212891,-0.07106183770431636,-0.2697336183702087,-96.252434,112.89108628008323,-249.38311243126336
-0.135986,-0.11105637055967892,-0.31285571770084575,-65.246582,118.8873526008499,-251.05278478666867
-0.043335,-0.16982830822479364,-0.3781310363372788,-35.705566,121.97361269007054,-253.79335983945987
0.062378,-0.2277905353716379,-0.4634665090328562,-8.544922,125.45942973467908,-256.3395290941736
0.202271,-0.2509248158410853,-0.5431574186597449,18.981934,125.91154093374497,-259.6065522307589
0.401245,-0.2506831428671047,-0.5881103892198052,45.043941,122.13141822458245,-263.12401988798246
0.571167,-0.23365748908167525,-0.599610629964185,71.533203,112.35851216778383,-265.34306042720334
0.774414,-0.2481310512672179,-0.5906345711597191,102.172844,100.3868793917307,-264.23119287600724
0.859619,-0.3253108956349868,-0.5634629119286936,135.192871,82.74508789153127,-255.5663392240025
0.917114,-0.448553112783774,-0.5316463330231733,166.076645,64.89175583489713,-242.5384234873116
1.005127,-0.5618418126764015,-0.4248177429845597,193.664536,48.79608132825524,-226.47362464184044
1.065918,-0.6425022745403222,-0.30479892974305584,217.285141,41.47674492249045,-204.6469041416605
1.21814,-0.7240886286505749,-0.07970659308319429,238.2202,46.147632072123166,-177.35924016925017
1.42395,-0.7395519022550663,0.23786283075737738,252.319321,55.804871853755145,-142.4988778453689
1.690186,-0.7936939561538661,0.5153924604433254,257.8125,66.9597453188494,-92.93384213152665
1.569458,-0.7005332547356548,0.6351957272947215,260.253906,53.35192972813695,-35.09189740027005
1.259399,-0.6887308684879283,0.639260950026563,269.40918,40.99618426270884,0.5352483130893297
1.196289,-0.684180777080503,0.6570442331369472,260.803223,30.156888637445203,8.230378702041392
1.205933,-0.7114510863065097,0.48130390313635235,233.154282,33.27700060129093,20.060301568717055
1.312378,-0.6010992035887966,0.5099342660166252,233.276352,17.291527036433568,40.42092584791184
1.254761,-0.59674281305049,0.665892095154754,235.046371,4.595304808159184,68.48885693624794
1.366821,-0.7018655790682574,1.1727947080990688,233.215317,9.14117130730955,86.64389011790993
0.895874,-0.3549995182832415,1.4966139087241794,211.853012,62.713034904274444,132.90422808589256
1.140137,-0.5836522927464449,1.5378583671189678,195.25145,69.46308795159263,110.79119686475418
0.678101,-0.7055025280284701,1.5111667907939341,167.480453,11.514794433407122,145.94031741725007
0.364136,-0.8282188255592025,1.3586340137348745,149.780273,1.8136207772486923,151.04717797759267
0.383423,-0.8366833894178471,1.2533922995304636,136.535645,2.130259685151029,139.76126943689647
0.245972,-0.7756680023665605,1.1822172006195264,127.685539,-4.124590699294788,137.97662734257642
0.187256,-0.71103097766879,1.116515140239202,117.736809,-2.962370282997578,130.6823747123642
0.120117,-0.6425210216040034,1.1877215546974584,108.581535,-17.629282374520855,123.88177780783205
0.003174,-0.5595869570981531,1.2488272364753379,96.252434,-22.57932718888766,123.13290447785606
-0.057983,-0.4991716473532341,1.226756947636596,85.144035,-16.042823638201465,116.29046944472489
-0.109497,-0.4578868295066066,1.2435805696417053,75.378418,-12.169074297640094,106.62340350504901
-0.140259,-0.4232493514591595,1.2629515939696188,65.185547,-7.2345789092037105,97.26732883980628
-0.167114,-0.4477703347850266,1.2775930058459561,56.03027,1.7095781083550419,89.4239630564763
-0.164063,-0.3614683567329328,1.2535164094649074,46.936031,13.029442004193337,79.70636768440639
-0.218628,-0.3884296468268217,1.2672320012302367,38.818359,15.697403212878516,69.14494453738855
-0.256714,-0.38489983308016756,1.2718206589766732,29.846189,15.536810080627763,58.456628292349116
-0.280029,-0.3883648674481554,1.2710857978818648,20.568846,7.0814748403862335,47.35933186814494
-0.276733,-0.39626390154240326,1.220978908770906,10.803222,-3.735635963638482,36.65129311998795
-0.231812,-0.3941358344351927,1.1632199554615947,3.479004,-11.766585503637451,26.31057055621092
-0.175537,-0.40026447603048,1.0784712040537034,-2.075195,-14.196756659613397,17.9490454083155
-0.134766,-0.40040835125706037,1.010394989720655,-5.615234,-15.658086516947062,10.068236953104181
-0.092407,-0.40961354034224434,0.9712142824285959,-6.591796,-15.22775975489864,2.7069093033216434
-0.047241,-0.41973564345894987,0.9505882417640675,-7.446289,-12.2762387047556,-2.78439976868364
-0.009155,-0.42500508496834327,0.9453211945667204,-6.591796,-4.498227217285749,-6.123156464364985
0.026611,-0.4173544419847593,0.9384889171325308,-6.225585,0.2427418469235023,-8.75789238484124
0.049316,-0.41852043551855866,0.9429938850657283,-5.371093,1.0486784366192166,-10.165201147028712
0.045288,-0.3847109323010995,0.9565162792394172,-4.577637,3.647400950203178,-10.140813210731077
0.079834,-0.4188115261693564,0.9355055734247094,-2.685547,-0.9984736463312587,-10.154309913327737
0.090454,-0.4032852727446408,0.9191542659359638,-2.990722,3.689648383374758,-11.434875738489072
0.104248,-0.4129343880104409,0.940136481657553,-1.098633,2.887048371396971,-11.45244163337819
0.117554,-0.4137507753328716,0.9201592179625477,-0.732422,5.765112357958631,-11.254845132050848
0.128052,-0.4199177799969447,0.9122542343779159,0.12207,6.691412795092678,-11.587326894220253
0.140015,-0.42888166156059304,0.928647726663359,0.366211,7.653285019402412,-10.364119262867568
0.158325,-0.4331478115960584,0.9127727407775418,-0.366211,7.883264574271114,-9.207986477437023
0.167236,-0.4358665170306242,0.8923371804534385,0.0,6.762559150219133,-8.475946601423788
0.162964,-0.45278045167389824,0.8961723716980906,0.305176,6.310155333976179,-7.316183288994131
0.162476,-0.46819885546250756,0.8795707784729992,0.183105,5.755100945404386,-6.980217395238242
0.152466,-0.48540136677558937,0.8885611781038993,0.244141,4.3479384049813605,-6.732523580452291
0.146606,-0.4857107695162419,0.9001576269975943,0.183105,2.329098040016104,-6.5307095218043605
0.140991,-0.49701692720823887,0.9136584410191152,-0.061035,0.914820203496086,-6.594155172831496
0.139526,-0.4992133224268393,0.927525716059429,-0.793457,-0.587876281054676,-6.859121106873556
0.157715,-0.4973677692757232,0.9276033727810022,-2.13623,-1.1535294597985466,-6.463046487104814
0.16333,-0.4797385933744174,0.8817500317681509,-2.01416,-1.765060251416754,-5.455294680305237
0.168701,-0.47451001075871,0.8506921262394338,-1.525879,-1.3017630582091382,-4.5679065472958165
0.182251,-0.47132886378344807,0.847410673981396,-0.366211,-0.08189217822255872,-4.104903129721207
0.181274,-0.4755686154206052,0.8630246603735773,0.549316,0.8870955158323456,-2.570557017363191
0.162231,-0.4740806828985051,0.88411139197925,1.281738,1.2690864026829503,-1.5735502225001425
0.143311,-0.49403400819695786,0.901665215424133,1.708984,1.6545625795759697,-0.9477902873589246
0.142822,-0.5033734274049843,0.9131570287648006,1.098633,1.7429822124144665,-0.746269830695822
0.155884,-0.48712500486971394,0.9053621154801437,0.427246,1.6086839818938812,-0.3361132739762692
0.147705,-0.4808591584063922,0.9113013993677921,0.12207,1.6229129517687153,0.2861633407380402
0.132324,-0.4807686900316217,0.899541448965126,-0.549316,2.0118722754404654,0.5406770536688258
0.138916,-0.4771226532243833,0.8809714567034082,-0.244141,2.1921964838635186,0.5724730768887067
0.122803,-0.4606836306797442,0.8678801770571378,0.12207,1.562805210563615,0.2755647242141391
0.143188,-0.4636516370429028,0.8783894475945372,0.793457,2.577524295728406,0.14460324505965833
0.150879,-0.46973378172733093,0.8721109091469618,1.037598,3.2069153953801326,0.44151258254197895
0.12207,-0.47808955365539224,0.8920813403012012,1.220703,3.3766409872792846,0.53341634696696
0.11438,-0.481311356254115,0.9145685107993957,1.037598,3.051272725239543,-0.08174595645810999
0.104126,-0.4731294491969419,0.9131598838410492,0.305176,2.3723733120661925,-0.4493604932135013
0.119995,-0.4712768124566975,0.9146025075302684,-0.793457,0.9933754567043623,-1.064375416418192
0.122803,-0.4664565283601253,0.899214766720509,-1.464844,-1.2589287683642567,-1.6474471098307997
0.127686,-0.45788591299854603,0.8991145154169673,-1.953125,-2.3832645457671693,-1.597791589736974
0.141357,-0.4583141363820545,0.8678024546458553,-1.89209,-1.0184968187361034,-1.6050524700870177
0.149658,-0.4752872420088692,0.8543974536991567,-0.488281,-0.3289978042310992,-1.297545500888549
0.138672,-0.46868202131667686,0.8626274706862249,0.244141,0.5159966738422925,-1.520410570819833
0.14209,-0.4642674020893063,0.8776604459432168,1.403808,1.9938653983461418,-1.8176125254792288
0.140869,-0.4680676478629945,0.9020287494758711,1.220703,2.8814007379277644,-1.2272791405570023
0.121704,-0.47084568001770655,0.9135625739650588,0.732422,2.676396149678178,-0.7676134591562507
0.129517,-0.4688293024306038,0.919000325929449,0.366211,2.3369459506876264,-0.951420814358035
0.118164,-0.4681366918222025,0.9178826159737226,-0.244141,0.8837585908180633,-1.1456803906710942
0.130127,-0.464574344828203,0.9040084309924581,-0.976562,-1.0786045599412035,-1.6156510866109186
0.149658,-0.46393997437482354,0.8877587186218381,-1.159668,-2.2312532137852656,-1.7569175803044725
0.144287,-0.4691245019253378,0.882010100433268,-0.732422,-2.577671502300608,-1.1982338231895002
0.145752,-0.47208666055548376,0.8833470380719977,0.061035,-1.3932269988848422,-1.237290553111247
0.13269,-0.4707144246400562,0.8910270002198478,0.427246,-0.34308055234148443,-0.8661917111211939
0.133423,-0.47511896762153427,0.8984306372398747,0.427246,0.07767462090196942,-0.7920012218057086
0.133301,-0.4681255829904196,0.8953258571508362,0.549316,-0.017860481681697522,-1.3046601594741436
0.134521,-0.46625860542374103,0.8994974299675949,0.427246,-0.31839918770719816,-1.3576532420936491
0.134399,-0.46310333280323646,0.9055076459945188,0.244141,-0.6189388785404517,-1.4106464983613323
0.134521,-0.4670148369548779,0.8967605321121178,0.183105,-1.4321373333939627,-1.3681056368531013
0.139526,-0.47275655691297275,0.8969879478609459,0.12207,-2.125120479485451,-1.3043665574893153
0.148315,-0.47625828735147635,0.8873220317669558,0.671387,-2.1286046110719345,-0.9331205089270604
0.153931,-0.4760037074125412,0.8922013671781253,1.220703,-0.8592234479482258,-0.3994115447830252
0.13208,-0.46853670051814134,0.8899233917526684,1.770019,0.2899410743093525,0.11310099747278324
0.133911,-0.4747516837326907,0.895645096799494,1.953125,1.13145142079626,0.26148197610375384
0.13147,-0.4625579015513907,0.9136612304056542,1.586914,1.916338157664552,0.028018289648568624
0.133301,-0.4620124163203108,0.9197067986885101,1.342773,2.1249730992650715,0.2507369641672263
0.126221,-0.46407836732083624,0.9110373415276823,0.793457,1.7148165425455186,0.11643873364664092
0.137573,-0.46384527748717314,0.9076077133948606,0.366211,1.2091260416982295,-0.5305192457019547
0.150024,-0.46592538395547967,0.9025313858758258,0.854492,0.4949456625589392,-0.3465646839279685
0.151855,-0.4681595257420583,0.9032523848199744,0.915527,0.7530907136484106,-0.0531394780321319
0.150146,-0.4663280740794893,0.904815155055061,1.342773,1.2304696701586584,0.4028946915617563
0.14917,-0.46818071081973367,0.9033725313658418,1.525879,2.503333806412921,0.5653584183031122
0.141357,-0.46875305521332383,0.90661845771977,1.770019,3.199947132207164,1.1840046796664887
0.128662,-0.4643339860467585,0.9082658485966147,1.464844,3.1681512826354608,1.364327903281789
0.131836,-0.46893120257632603,0.8956793328682541,1.647949,3.207062775600512,1.495142175864068
0.127197,-0.4652895500185729,0.8947099724354892,1.647949,2.9171217012911597,1.3820411783912847
0.120239,-0.460862173117239,0.9019365665692105,1.831055,2.7473961093920067,1.2901374139663035
0.12915,-0.47436316078693763,0.8906313936849666,1.89209,3.1822340307458465,0.932974113514434
0.13855,-0.47543832693913574,0.8896975051770772,2.258301,3.511085613212497,1.1768892099213186
0.130737,-0.47524619775653004,0.8970444851945533,2.746582,4.281889428322226,1.3747802980412414
0.121582,-0.4768233088180511,0.896146987729583,2.807617,4.882967825180979,1.4807666369284298
0.128418,-0.4774452266250639,0.8961612088870737,3.173828,5.112801158285232,1.583269017877312
0.127197,-0.4841009398487224,0.8889143605041959,3.601074,5.441652740751882,1.8271841142841965
0.121216,-0.4800494595985972,0.8849181817315624,4.211426,5.742192431585136,1.8801773705518796
0.124023,-0.49110188674473965,0.8822260483434826,4.821777,6.2442525790814924,1.8447509939810658
0.141602,-0.5228237752082238,0.8856810900668596,6.04248,7.644447841139303,2.3395494499678033
0.134766,-0.552649498320182,0.8903376512281457,7.568359,11.130704709497133,2.954270597539488
0.155151,-0.5641010964796581,0.8744355128626967,8.972168,15.037718720713922,3.6431825817230132
0.148804,-0.5948330377774199,0.8708769039953271,11.291503,20.656210379846446,5.873409578948921
0.139282,-0.6246922968560488,0.8447875420392479,14.770507,27.784515325379008,8.679739195254893
0.11499,-0.646133979373142,0.8307184924680729,19.165039,35.768415161476184,11.20309733252859
0.118408,-0.6755907040643668,0.8515549383373999,24.414061,43.89372296264079,13.627435367391247
0.176025,-0.6990417166470964,0.8847297120946489,29.602049,52.82874902630342,16.380479283900637
0.227295,-0.7079545613137948,0.9127832085068132,34.118652,59.45877039945501,20.958250037178498
0.293823,-0.7134291111060721,0.9529700919710963,37.231445,65.91195644616062,25.13298057172286
0.38269,-0.7285042171805276,0.9618390669312548,39.306641,71.9552754252523,31.280673163765435
0.460205,-0.7228971042636781,0.9567544856566856,42.297359,76.72253238097059,39.74440373182399
0.559204,-0.7051817785473774,0.9209568735189273,45.532223,80.60647856464897,52.5147115797114
0.659912,-0.6881166753725553,0.9352452704420489,50.537106,84.11265147587865,69.184910901768
0.74939,-0.6267541750802998,0.9169366070587501,56.701656,91.39560895571933,90.79746140139453
0.7229,-0.5376716212704565,0.9495013619897545,63.84277,96.27876377429668,118.99022069942907
0.59729,-0.4398465360775791,1.2031296940270217,70.678711,103.77849817225743,148.51204170689576
0.557983,-0.3132754453769902,1.361920928932678,72.265625,114.52711187559213,175.07404744052204
0.438965,-0.21041335593991303,1.4829392840555216,66.28418,118.81542255431948,197.15016967669732
0.279053,-0.17309828884556308,1.582732053862478,55.175777,113.38396619282139,217.760356221905
0.163086,-0.1273610755815391,1.6832665829947178,40.832516,101.42121212074153,231.82692455784087
0.091431,-0.07695598260860671,1.7397524832831088,22.3999,88.10689145262693,239.14761883249224
0.003662,-0.046147048623699144,1.726715334947924,3.051758,79.69295318513103,246.09284944417948
-0.116943,-0.014654021480998333,1.7582988665330574,-15.380858,76.49373849385022,250.17699499095394
-0.326904,0.029172793563533823,1.85068689484329,-35.827637,77.19020559788001,249.74201084783567
-0.465088,0.09666534495536984,1.9276632979264452,-60.852047,77.33407559085374,241.89633516721034
-0.536865,0.15883946830314988,1.8506192489224174,-91.857903,65.90833080626079,227.6102770839962
-0.615479,0.24559058585649263,1.7979888483515865,-121.643059,44.02700988542701,209.00155020629373
-0.663086,0.3066014510777781,1.6930987577521877,-150.57373,15.473848337974475,190.2700024367709
-0.731934,0.3591730642736028,1.5615573124545608,-176.635727,-13.044319589354066,168.87962464318852
-0.776978,0.3582873100527952,1.4997962129706595,-199.890121,-24.778454753822647,148.96130035318444
-0.671265,0.33008536880591227,1.4340857070305333,-217.407211,-14.612263180746416,131.72702055836237
-0.77771,0.3028433218010951,1.366438461550859,-232.788071,14.414313057707664,122.46658175252657
-0.974487,0.3119693314370832,1.2879731115158028,-247.863754,46.31851206978871,110.2428569241947
-1.049683,0.2852177500370174,1.0804682835584862,-267.333984,71.26643172037285,86.50442356540974
-1.130493,0.3531604049717828,0.8891650761979838,-278.808594,85.50092749170881,60.25714670326316
-1.193237,0.30346479557076544,0.746408734586616,-290.83252,78.5308299706619,25.622680607353214
-1.246216,0.3342178565010106,0.5958983567403671,-294.006348,86.22779249938452,-1.157568027620454
-1.158203,0.3801750465090175,0.3971228930971701,-298.706055,85.52619697676614,-37.599633673621796
-1.094849,0.3868580681934305,0.19824092363245047,-297.668457,79.75506653099468,-69.54361988693542
-1.102295,0.3408046621612645,-0.0396898697799123,-291.381836,68.41219942663304,-98.00773394011051
-0.988892,0.2897381183906448,-0.17537382622400843,-275.024414,65.9761980444815,-122.85610269630307
-0.908813,0.24307630271563876,-0.16240554819985414,-255.98143,78.85740267340839,-142.834441849151
-0.887085,0.2105272556020859,0.09810714222040103,-238.647446,95.04164714993665,-157.64407286101613
-0.845825,0.24329702350421695,-0.09617604547385228,-240.173325,102.67707284611328,-169.3128530945174
-0.745361,0.22793739562465581,-0.05054193214400431,-230.346664,113.68869872101219,-183.60910755698532
-0.654175,0.247455599309125,-0.09445070455831318,-217.834457,125.4461467243956,-199.32327159850962
-0.541382,0.24124652951729783,-0.09368628496135141,-203.30809,137.12200403000332,-217.03507738276593
-0.380249,0.18137066044583486,-0.21877703000644666,-177.062973,143.12377077766698,-229.98354280912227
-0.291626,0.13285204520741414,-0.23464527339839422,-154.541016,143.28462322473877,-242.8463540806088
-0.19043,0.08768580290034894,-0.4002786522682932,-128.967285,148.24742934635262,-252.0115060945527
-0.124878,0.01901174698187318,-0.48180128896329993,-98.388664,143.23261940971082,-260.82877279486496
-0.063599,-0.04280267575255599,-0.5073280598325126,-63.96484,140.99003334250799,-267.7937341925094
-0.019653,-0.07353971070200707,-0.5403887562032218,-31.433104,137.8070649012203,-273.9948588797612
0.047485,-0.1333818109145265,-0.523671251390757,-0.671387,132.88503837650205,-276.6600703674018
0.137207,-0.19040893185345556,-0.49901938985016014,30.944822,127.58858396324152,-276.8502573926214
0.286011,-0.23750721295702895,-0.5187273284051888,60.974117,120.94158192955497,-276.4109084856104
0.488037,-0.274350564124251,-0.5361325333671753,90.75927,111.00316488375454,-273.82494895867393
0.716064,-0.3327215866220944,-0.513700766103844,120.666496,97.95018078113881,-268.68933535084454
0.932007,-0.41604008338585097,-0.4397656303899773,152.160645,82.24999502240013,-256.2734051182043
1.101318,-0.5045818837549726,-0.2989484228747215,183.471664,67.15176157522464,-237.4296925061266
1.252808,-0.6056002313098513,-0.12884786515287944,212.585434,55.76716776959737,-210.1221139965967
1.457886,-0.7432132042716437,0.14474742001595708,236.938461,50.934920716219715,-177.44476351198324
1.658203,-0.7439250317674849,0.5157390083082203,251.464828,56.57351512140541,-132.4470697920455
1.746216,-0.6796346992052569,0.705072305614949,254.760727,63.450126557105115,-83.57443054126962
1.405151,-0.667076314563184,0.7505458921810177,262.145996,55.5874020049951,-28.438078249213735
0.906982,-0.6512506149747648,0.702268554842085,277.160645,38.76713149977407,14.582780948244617
0.661743,-0.7209190794641155,0.48508829682194166,250.793442,17.785298811997727,31.645318218345604
1.00061,-0.624201418020715,0.5594092446759603,226.135239,-4.400160011524373,37.95958461762078
1.128906,-0.6060372167427567,0.6982172303285653,227.844223,-30.661182177174457,51.92207050911186
0.942505,-0.5613463719002325,1.1027484523328273,231.689438,-33.92105469101408,77.4394631186659
0.82605,-0.6619152388586036,1.201407707629578,221.008286,-11.987320650579822,91.53313054065711
0.793701,-0.8195337016689288,1.3164096872747566,206.603989,8.000881549794249,99.08607766580113
0.466187,-0.6311115542619908,1.208078048795695,188.415512,-19.890022351742054,113.50489526810195
0.986694,-0.8237666594429651,1.0339169423175043,172.363266,82.53668225693467,101.32084679409935
0.377075,-0.7699418770025876,1.1195149436799545,172.790512,-20.312685185010746,99.73351340267452
-0.067871,-0.8116732007005307,1.1459956772124211,147.705078,-52.09112913606758,126.3580195954921
-0.065552,-0.7972963317856917,1.2521560082697685,132.263184,-41.21016974915291,113.1542981672011
-0.278198,-0.7632995508449286,1.438254745303811,124.633781,-35.0633607438399,100.78919768894586
-0.429932,-0.7344080573361181,1.4775608485300322,106.201164,-18.70169130582152,90.59711310411322
-0.364258,-0.7088809814393087,1.4241755358854618,81.970207,-20.713455987865768,65.45170356079021
-0.284668,-0.6781226056755768,1.407906508705662,63.354488,-35.77108721900244,45.75303428860886
-0.168091,-0.6258536410160593,1.3385370410817705,47.790524,-40.59904914162118,33.06418435674488
-0.08667,-0.6235964735053575,1.2519200879615606,35.339355,-42.68309526377026,22.036713484315232
-0.04834,-0.6278670374123558,1.1981140781307225,26.245115,-43.34501563872779,16.651976970359037
-0.041992,-0.6203179895468974,1.1763899177251966,21.057127,-38.13015192324296,14.84452225284668
-0.009644,-0.6023765918963526,1.1400127579357764,16.662598,-25.211023793919818,13.279959079390066
0.009521,-0.6066908401512379,1.13565742936089,14.09912,-14.392189659058014,10.973192950618223
-0.005493,-0.6066783875048712,1.1194219381477608,9.887695,-8.374727090051321,9.18330493915456
-0.016724,-0.595792759552061,1.0928322505024914,5.310058,-5.139792593863045,7.708480522487916
-0.025635,-0.581398502930272,1.0709513671495259,0.915527,-6.045335448050389,4.759855415153952
-0.021362,-0.5571450308654811,1.0592379857930427,-3.540039,-9.132622564989978,0.1250200700522683
0.003296,-0.5510713432068126,1.0022986338892412,-7.141113,-10.692383641364563,-3.68268012020179
0.067749,-0.5512082545132083,0.9334803552033123,-9.216309,-7.835957870055912,-6.52575772759009
0.097046,-0.52928625477258,0.8878884266701619,-9.216309,-7.146752457535736,-8.325510756195376
0.128418,-0.5363022339856632,0.8805770382465051,-6.774902,-3.349356297012999,-7.71790391991293
0.13501,-0.5363035238210129,0.8721477545084687,-4.02832,0.8512283307045018,-6.233507740793143
0.122925,-0.5374837385123029,0.8760308046346534,-1.831055,3.3901357202604383,-4.112458596863831
0.125122,-0.5305519012652031,0.8943579358444124,0.061035,4.21408017185823,-3.1614776062550742
0.116821,-0.5199933506315024,0.8984516008912351,1.220703,5.667414738299994,-1.913587451812173
0.114136,-0.5121388712888121,0.8869447012542673,1.770019,7.728795964773481,-1.3022030556065929
0.119019,-0.509822873889828,0.8604554385607173,2.197266,9.563830132992884,-1.1645677264235474
0.119873,-0.5113319257998941,0.8437039009497179,2.685547,12.148321707086506,-1.7624567521365764
0.129517,-0.5225622609711515,0.8342867053511749,3.295898,10.39444826097106,-3.06333900439123
0.151245,-0.5253218730775407,0.82251973704909,3.356933,7.332428727827663,-3.9751160585060394
0.154175,-0.5304403314140389,0.8290541992501843,3.845215,4.196219690176532,-4.466137765729218
0.141968,-0.5281893348200363,0.843705669460842,4.150391,2.4318940229498143,-4.65328285710486
0.157471,-0.5149738833852439,0.8362441512926241,3.662109,3.566829401684381,-4.763045944755607
0.164795,-0.5051312294325448,0.8331452306470737,2.807617,4.581548486849172,-4.894007423910089
0.163452,-0.5150854171687462,0.850231279561684,2.075195,4.351862533965299,-3.942880211536881
0.154419,-0.5189770800572961,0.8350427515236586,1.098633,2.7855731918151996,-3.8471988871887657
0.162354,-0.5285455098770969,0.8239344510783364,1.037598,1.1697747249839017,-3.8222239205696513
0.151001,-0.5351433419525643,0.8254985111487729,2.075195,-0.5626088709066639,-3.1360618310789294
0.152832,-0.5385941551630615,0.8253855678609773,2.868652,-2.0298789788866123,-2.898967617624634
0.162964,-0.544752427395826,0.8335959289436071,3.967285,-3.4441568154066298,-2.962413268651769
0.156006,-0.543093670437739,0.8600427557920969,4.760742,-4.274922323605188,-2.1172715840061755
0.158569,-0.5355261729019102,0.8705494583692722,5.004883,-2.77919195896371,-1.1098141903510033
0.159668,-0.5404481717855515,0.8689382848871691,4.760742,-1.1279672892097763,-0.6327280246660087
0.157227,-0.5321261572504757,0.8632164601713999,4.272461,-0.7318934806006084,-0.06707600437806834
0.151245,-0.5390577011804543,0.8469953754744142,4.272461,-0.2545137129307857,0.38895932367175057
0.152832,-0.5346755134430576,0.8333896325827449,3.90625,-0.4277234364164221,0.6683016078090244
0.156006,-0.5439543700748222,0.8234493609764375,4.150391,-0.5621678887014563,0.024827760046912725
0.150391,-0.5407293894606822,0.8283559145569481,4.882813,-1.043031787957763,-0.059961519440651354
0.138794,-0.5378977947175548,0.8474486777988336,5.798339,-0.8698222381203046,-0.33930281877017204
0.133789,-0.5409062830559964,0.8771626817686364,5.981445,-1.4213924951056127,-0.37458297357653714
0.148804,-0.5328711963485482,0.891346443138731,5.187988,-1.5310093609919118,-0.4558879478294394
0.158447,-0.5258561479639837,0.8965496417859308,3.845215,-1.6689379448634303,-0.7281157470292962
0.168335,-0.5260203135073824,0.8820183721003746,2.868652,-1.1632472703679633,-0.08115875248845351
0.158447,-0.5247792969019434,0.8609172996682678,2.075195,-0.4065262033686199,0.5480861253988241
0.153809,-0.5156790663089554,0.8514903211409534,2.258301,-0.11658512905926735,0.6611871228716073
0.151001,-0.5147307712849224,0.8573591515651005,2.746582,-0.25799784451726976,0.7602053722340053
0.132935,-0.5125077383301266,0.8791949114438381,3.234863,-0.7918550000412599,0.9759557835796948
0.137573,-0.5202290201358649,0.8850226615479843,2.868652,-1.067712341432474,0.43150116998773436
0.136108,-0.51967786081995,0.8818968817399234,2.502441,-2.2698711047654885,0.2195281449170019
0.143433,-0.5095670041155432,0.8737640577099232,2.258301,-3.2705072681717167,-0.08086515050362524
0.160767,-0.5123172579897014,0.8717915137616984,1.525879,-2.91697432107078,-0.3284115850691957
0.161255,-0.5172047814666957,0.8685739217642834,1.708984,-2.029439155137335,0.2619227846607839
0.136353,-0.5301226570062798,0.8743535619385342,1.525879,-0.7282631272496757,0.6153083515413412
0.138306,-0.5262902190805048,0.8744099139134883,1.464844,0.5268888923510219,0.5267416857788201
0.144531,-0.5261231984608576,0.858697205391002,1.342773,0.15912599056749815,0.1520113319819035
0.134155,-0.5224801363988113,0.8682641600168001,1.770019,-0.8555930945972928,0.2829728111363843
0.138184,-0.5205909889467043,0.8723157599358687,1.647949,-0.6894990145050042,-0.30750696919846876
0.142212,-0.5177492818900226,0.8625285271296051,1.708984,-0.6224230101269358,-1.0394004497990772
0.140381,-0.5186479495213989,0.8577833857736162,1.831055,-1.1456803906710942,-0.8837585908180632
0.150513,-0.5048243227613101,0.8581138539230004,2.13623,-1.559321078977131,-0.6468107727763939
0.162231,-0.5175454995101502,0.8599619210551065,2.746582,-1.021834554909961,-0.1801770018508516
0.158325,-0.5178128371230486,0.8628889667672076,3.173828,0.04602499309471492,0.44195240629125604
0.148315,-0.5196087511710327,0.8702580626908779,3.479004,1.20230400028971,1.2656032559042192
0.147949,-0.5174721730588282,0.873608983604664,3.356933,2.2701635482943865,1.8877326640463268
0.13855,-0.5147291224427418,0.8721095292647162,3.051758,2.789937955707991,2.103336042467992
0.125977,-0.510013713237084,0.8615377422812777,3.112793,2.8005365722318922,2.043228301262892
0.125854,-0.510077083111457,0.8682202606882125,3.051758,1.7432756407511172,1.3609911519156843
0.128906,-0.5100195069908626,0.868602059051668,3.112793,0.14504422726486596,0.5833652953974361
0.1427,-0.5067168039654398,0.8758781069298683,3.356933,-1.0536304044816642,0.00014622176444875276
0.154053,-0.5027912640149608,0.8789250598499498,3.356933,-1.378850648789629,0.4386156549251513
0.154175,-0.5054575230482834,0.8806858187111303,3.234863,-0.6292438930795246,0.7567212406475212
0.152344,-0.5078812143467683,0.8909184051138757,2.990722,0.48101012102075574,1.1384196839692284
0.145386,-0.5130082197559223,0.8876596014170406,2.502441,1.2518141097786621,1.336309787281398
0.13501,-0.5088930646038274,0.8854100143273311,1.953125,1.4533347400899426,1.2478891696351482
0.13208,-0.5063056864377182,0.881280572328036,1.342773,0.8380262149004236,0.5196270271932254
0.138794,-0.505898318747102,0.863502217832621,1.098633,-0.41015655671955276,-0.13429823052058543
0.142578,-0.5101903971165588,0.8590269163600451,0.976562,-1.7997530286052845,-0.689205412520176
0.15564,-0.5158611192456685,0.8665799534004961,1.281738,-2.6023528669348943,-0.7067722922170453
0.161621,-0.5213258500415128,0.8757807943038567,1.403808,-1.9764458988696518,-0.03861690617246972
0.167358,-0.5243033999955554,0.8701735617180636,1.708984,-0.4595192859881253,0.8486248314243247
0.157837,-0.5228828265228209,0.8705479291960354,1.89209,1.5134424812950427,1.258487786159049
0.143066,-0.5170199752111055,0.8703418721730604,1.89209,2.5670728857767067,1.2583415643946003
0.137939,-0.5102962568152262,0.8638426965381885,1.770019,2.4680536516065557,1.1169286752884202
0.138428,-0.5065273741224772,0.8642594881507452,1.89209,1.4107938785817116,0.43469071478163723
0.141357,-0.5018739909766086,0.8666914871839985,1.647949,0.49146153097245504,0.024681364634286294
0.146851,-0.5149272847170133,0.8676128033765775,1.464844,-0.7708039887579065,-0.19789010331216966
0.142212,-0.5178209055199299,0.8615238261513838,1.831055,-1.460302829614733,-0.5053980573183915
0.15625,-0.527013438688522,0.8616382986124163,2.13623,-1.1385659057336772,-0.5726202834609085
0.160156,-0.5260738104060881,0.8556068318181074,2.502441,-0.010598616523901093,0.06010774120510012
0.156616,-0.5300406160352213,0.854907376958465,3.662109,1.2269855385721742,0.7741407401240111
0.143311,-0.5229043706073271,0.8643469817803237,4.150391,2.3655514443058516,1.3467610235849197
0.138916,-0.5190221856199517,0.8676340541439623,4.516602,3.0479358002252606,1.3431306702339867
0.13147,-0.5131661128697679,0.8744921402431999,4.516602,3.0302226987639425,1.0921001040819323
0.13562,-0.5111654856133927,0.8666646280214881,4.760742,2.3195264512111367,0.9048086172936637
0.13147,-0.5059691969071436,0.8582836278615246,4.577637,1.7643256672267176,0.18714509137564214
0.135864,-0.5077525386398174,0.851524263892592,4.943848,1.5874865751979013,-0.215896806758316
0.145752,-0.5117401703397951,0.8572660495403963,5.371093,2.40068520369959,-0.25843865307429975
0.151978,-0.51463309965208,0.8490711994506069,6.16455,3.3836082656445003,-0.20907592380572715
0.152954,-0.5227091470105858,0.84566404623081,6.958007,4.974726352649265,0.2574108141957909
0.160645,-0.5128029378248606,0.8422046859476573,7.690429,6.926489728428701,0.7874900625002912
0.141602,-0.5117759355817919,0.8504431843176717,9.094238,8.673250485574053,1.777235339501898
0.148071,-0.5100319892592768,0.8293058944908235,9.82666,10.490568424260701,1.663840566396109
0.134766,-0.5070629863778898,0.8251198611786871,11.169433,10.90783963956585,2.1092761194660965
0.14563,-0.5141284733146861,0.8187918150073985,12.573241,11.770548203908312,2.1374417893350444
0.155762,-0.5329826040174925,0.8005923386291757,14.343261,14.616816167250091,2.515362499085439
0.164429,-0.5376248783315785,0.775603580773036,16.967773,20.574611803608715,3.875766447031467
0.158081,-0.5496445023248689,0.7411316894837563,20.507811,28.943838640411208,5.971253594020184
0.122681,-0.5608648988307496,0.7028354826448171,24.841307,36.83917163709769,7.2394606965009345
0.0802,-0.5871193867807941,0.660523626487459,30.2124,43.00182268551819,7.086568037620014
0.045532,-0.6052272425294126,0.6247314670082207,36.560059,46.83435162062692,6.0889750235950615
0.04126,-0.6218852173515058,0.5884506529486312,44.067379,47.505843931685774,4.038191428837725
0.094116,-0.6336990597273703,0.6069441586551819,52.856441,46.550938000933506,2.072491353064175
0.266724,-0.6382511231606623,0.66650658827738,61.523434,48.067865424974606,2.9597342491169
0.364014,-0.610018123860437,0.6990028889824366,69.641113,47.48174959737297,8.744173940225437
0.462891,-0.6100988570845735,0.7760869498974307,78.308105,49.06344214368904,17.699810206614398
0.517822,-0.565749277505488,0.9688456107564394,86.303703,53.19493464536613,30.823645903915818
0.682739,-0.49795557712853394,1.0265383455607437,86.791985,56.976675178151886,45.93104661884802
0.697144,-0.4715725152289098,1.0765576213731802,89.538567,57.962974257342545,70.21389874363179
0.680176,-0.477284473414626,1.141989812248044,89.660637,56.65761756402075,90.62198156743771
0.682861,-0.48640512570385125,1.1965316405252393,89.721672,54.108003964544686,113.1657726543677
0.651245,-0.46444536792928665,1.3201428443842846,88.684074,46.73538087417557,133.1857718627694
0.577393,-0.4349353445892377,1.5330923882261762,84.96093,41.82354916587752,152.95793989789047
0.607544,-0.39052514845465625,1.7023109480099303,74.890137,36.13351036061517,170.11379704760833
0.579102,-0.3754203823651936,1.8057483090521702,60.05859,25.8013669899801,188.99218633265423
0.53186,-0.3315762696606074,1.8235197474055376,43.945309,31.164360592629006,209.89433094207445
0.483521,-0.30166452811307337,1.8204888202217329,30.334471,50.358245765055514,226.16988942901244
0.335693,-0.2479852401194091,1.8787918853254926,14.038085,71.88937854226465,243.60128750377382
0.126099,-0.14336687138239382,1.9603304280878322,-6.286621,90.58092491097445,257.8050139893938
-0.121704,-0.026923061051481487,2.015569895179926,-30.456541,100.75760629164114,265.1153658366751
-0.36438,0.09170227721768542,2.0907785575701436,-58.471676,103.11908738519858,262.61885308686294
-0.550781,0.20554755301708585,2.067963977513556,-89.782707,99.1435306917837,252.1255327982939
-0.77002,0.3087120698086729,2.022071091799555,-121.826164,81.23294710460644,234.8986982724956
-0.94458,0.36907691137931226,1.9433442996627508,-153.198242,55.46158512827697,210.5839373763275
-0.999023,0.4247392031756284,1.8202813525097519,-181.579575,25.994452505650194,179.10995701195412
-0.93396,0.44575579279101085,1.7256918174176572,-208.557114,1.9618545493074584,149.1520370529759
-0.920532,0.43497769153513793,1.6616909020623427,-230.224594,-6.300687561711555,126.06524441661365
-0.906738,0.40473116972405815,1.5935128711848534,-250.305161,5.314913811311106,107.2892092640554
-0.974976,0.3900249849146687,1.4582898271082168,-269.897461,40.96278033229759,90.70548021545369
-1.138062,0.4097385860885744,1.245963341617696,-288.696289,76.42914592000984,65.66091677473626
-1.257202,0.4745624494926502,0.9957272386861453,-305.541992,99.968151497069,29.52661191309405
-1.281494,0.5134019636565943,0.6721162718053723,-314.941406,110.35804985379956,-6.199259432450648
-1.287598,0.4899526309633631,0.4058196945418968,-321.411102,84.33650690350309,-49.832891866768065
-1.193481,0.520136358312872,0.1791016878368922,-313.110352,94.91138766088615,-77.46917127682462
-0.980591,0.5455493092895217,-0.03321192031072132,-306.82373,99.05021330725664,-113.24368194762948
-0.845581,0.5285478874622834,-0.1526019896500609,-292.907715,91.2778098971613,-145.78845689504806
-0.700806,0.4036693046671528,-0.1923467400465559,-278.381348,83.08567278239555,-171.03199768271742
-0.589722,0.4095943067279447,0.059455568629475916,-264.099121,82.15020397853439,-185.7614760084988
-0.474609,0.43146303744179654,-0.1643906938409192,-275.32959,74.28854182900446,-199.1711828932244
-0.467285,0.429001168433179,-0.07099226084558247,-266.235352,83.65693421216213,-207.31160493039386
-0.424561,0.425399342427739,-0.1384383693057934,-251.525864,101.16443026261605,-215.56630051992676
-0.340088,0.38135727071910674,-0.10517586258107872,-226.806625,94.10246806937563,-224.37267500173027
-0.282715,0.3247162848594986,-0.20292245696089167,-202.880844,104.78322606649736,-228.00529753821633
-0.271973,0.21026838529619266,-0.3896956303385141,-172.180161,109.78524023748435,-234.9323747608297
-0.243164,0.050786147536310014,-0.45884496405258735,-133.117676,128.5091199058627,-242.35283768303887
-0.213013,-0.08832525529890162,-0.5366748159811338,-95.397942,147.30734074790078,-249.14041037116405
-0.121338,-0.12368911925930773,-0.5898881161117392,-59.448238,157.35507711837164,-253.75232561624404
0.031006,-0.17628720800910816,-0.6501075468369472,-22.094725,154.76273664879875,-258.7337254716255
0.21106,-0.20582185838184092,-0.6871712662315308,17.578125,149.4482666688223,-261.2822046236346
0.365234,-0.2468578360640778,-0.6941592521833594,56.701656,140.90583126699008,-263.09835029764565
0.546753,-0.2950283446423191,-0.6916214178086252,96.252434,131.2394987530483,-261.70394923811784
0.689941,-0.3974343848817141,-0.6900938326269069,137.878418,115.38642479560426,-255.4506723137287
0.787354,-0.4982232429045265,-0.6386988285559142,176.635727,97.33113210885713,-245.49524263954558
0.909546,-0.5777265994025622,-0.4900907509102282,212.951645,79.15970037534716,-231.71771910525555
1.134644,-0.6278130938293482,-0.24258704191572542,246.0327,64.9633804114116,-210.60778283079145
1.337036,-0.6601235327610085,0.0545342492854328,277.160645,58.15468728551612,-177.9690482675427
1.558228,-0.727761074137367,0.4613221355229182,300.415039,55.90403730968974,-141.30383455178102
2.026855,-0.7154153793799235,0.8630013527982908,304.016113,64.97966808182106,-93.65484356726671
1.75708,-0.6161017026508622,0.8895615000974967,301.574707,62.99490202809273,-26.512169487551976
1.446411,-0.6463675724842834,1.0330934599399875,307.983398,73.12618679804818,10.229121416236177
0.747925,-0.8297812611486044,0.4944020745674836,273.55957,66.5169596095147,28.028612422789145
0.673096,-0.6510959684205463,0.4933098567832503,246.582016,14.127886449240306,46.06075916588929
1.060059,-0.34168199423926177,0.8024678338909796,236.816391,-48.77412434280319,54.120244309156305
1.290771,-0.2753095263491258,1.1079411175610463,235.595688,-77.8134570239511,73.29469814697134
1.613403,-0.29028375674438767,1.4888131720636961,216.369614,-46.395585910000136,97.92334672424488
1.250854,-0.3897818599561358,1.7065321482193458,203.552231,0.8572481686763872,138.54517611683303
1.25,-0.6716986988958459,1.5338605330585398,175.781235,114.36343771726587,142.25949391930914
0.536499,-0.8361324579738615,1.40210931337738,159.484863,48.105283972935034,170.05557316725785
-0.013306,-0.9583854309135162,1.2729612582607195,140.686035,6.829756729091969,169.34710180723758
-0.023438,-0.9412535223549268,1.2116497229746075,123.413078,-11.276697188314905,141.98353907700601
0.066772,-0.7763227467380399,1.1985882179919445,110.41259,-26.220642071057775,126.20945347651339
0.011597,-0.6574281762302927,1.1829860109115875,95.947258,-16.741161220155004,128.68663906682383
-0.142822,-0.6337782919710877,1.20141068237477,84.106438,-1.8811610082389572,125.6049918785396
-0.297241,-0.5496865055985447,1.2011155846374073,72.875977,-2.872666391397247,114.70818986808735
-0.385864,-0.49450784686621435,1.2087380607115592,62.07275,-3.7441044835252897,102.77895433890487
-0.43689,-0.4604447031497965,1.2594921319290946,53.161617,-5.379669933607598,87.80207695877834
-0.450806,-0.4428000523233122,1.2740066007864606,44.616695,-5.576278382880594,72.39719041871257
-0.464478,-0.4218757177499141,1.2748448075989465,36.499023,-6.363365513518066,56.8261978072133
-0.422363,-0.42132473208217697,1.2717200125986385,28.320311,-5.49574453740783,41.36104925206778
-0.358643,-0.408405835667178,1.2146239377473975,20.26367,-2.7149752957233018,28.402427176200526
-0.27478,-0.41255051325376424,1.155882812352124,13.427733,-6.616488068883513,16.4347232795219
-0.175903,-0.391676754813114,1.1042805481231062,7.690429,-9.605344140430358,7.726780654270713
-0.114502,-0.39306873023426175,1.0559404392545184,3.479004,-12.770597336993061,1.776685895659588
-0.079468,-0.38272285944846224,1.0120258191071967,0.488281,-9.536104460521392,-2.85903025539658
-0.055542,-0.37801434847327947,1.0064111439254444,-1.037598,-5.49189627597494,-7.166041045750546
-0.05957,-0.3968162064230203,1.0104089715402584,-3.112793,-6.796997070357934,-10.309072124810196
-0.05896,-0.40246463899775803,1.019949067003546,-4.089355,-5.747143414639831,-12.045232122167967
-0.026611,-0.40961761956413295,0.9972440243474078,-5.493164,-2.35337734102846,-15.47530636311239
0.025146,-0.40163621511404346,0.9786941666659027,-6.347656,-1.3354665678060822,-18.084774699792455
0.047119,-0.4217139154712436,0.9646178598574219,-6.713867,-4.768731164703983,-19.00003571184557
0.080811,-0.43725837922844263,0.952952367004519,-6.469726,-5.383893294480875,-18.67466843461358
0.118652,-0.44691880659625083,0.9409606705827736,-5.310058,-5.691400263679345,-17.985169420108576
0.115601,-0.45923717355213767,0.9426319998561706,-3.662109,-4.308624848394379,-15.634139562854633
0.121582,-0.46251704265770455,0.9499861831317183,-2.746582,0.3729687418879472,-13.011322888606044
0.138794,-0.4552928428360296,0.9350223175236442,-2.075195,7.688565000560599,-10.915688535045126
0.131348,-0.45168917618414184,0.9166926183536612,-1.586914,10.786157132039259,-8.448220928952294
0.128906,-0.4672043864667842,0.9062721195707146,-1.708984,9.81761059383774,-6.821678434992222
0.128418,-0.4834934942475628,0.8777410953215543,-1.403808,6.851125989629833,-7.220795566630844
0.134521,-0.49838204346687626,0.8560268375137432,-0.793457,3.6230133612018975,-7.542092666762623
0.133179,-0.5021775999634824,0.8712236193073031,0.0,1.8340051708849632,-7.237775416006234
0.112427,-0.5045433444240667,0.8944821616121684,0.366211,0.21472355727493375,-6.841554227176687
0.113037,-0.49843170692719485,0.9062197567707531,-0.732422,0.42335849887545335,-6.618835552658029
0.123901,-0.5039697758848364,0.8954504715474708,-1.89209,-0.49234233692693957,-6.346461358045546
0.128052,-0.4912234427949004,0.8716685482072444,-2.563476,-1.6519582691362171,-5.745235580966413
0.150146,-0.4793387879487039,0.8541785850229842,-3.234863,-2.8541170324692318,-5.957208606037145
0.151245,-0.48288972108332384,0.8539251212712211,-2.13623,-3.253527592444504,-5.097984984440742
0.150146,-0.49451278980164187,0.8671212758084056,-1.098633,-2.160840284392915,-3.9136876875971778
0.141479,-0.49024675943512014,0.8808892303736965,-0.061035,-0.7922948237905368,-2.184934618705723
0.121948,-0.49373144970754645,0.8929178622038447,0.427246,0.05299325626768313,-0.3005396908332536
0.101196,-0.4916388249031638,0.8859737459585562,0.244141,0.392443281610057,-0.11673135082371612
0.097046,-0.482970352550089,0.8839076213098531,0.732422,0.586996633556122,0.5373403023027212
0.097412,-0.47552594023765776,0.8712134773717011,0.488281,0.48086291444855395,0.08478910583938641
0.116577,-0.4802287771280055,0.8676568044625365,0.549316,-0.4349841431182878,-0.6964671040297947
0.124268,-0.4799448240455701,0.8758881652641887,1.159668,-2.2877304279912556,-1.085132825716717
0.136353,-0.48064568840950583,0.8693186558347591,1.525879,-1.8492621532864835,-0.7599117702491771
0.132813,-0.48284330777374634,0.8789716945858422,2.13623,-0.05662360961861601,-0.3818446650861559
0.106567,-0.47869718461520494,0.8969325267145107,1.953125,1.916338157664552,0.028018289648568624
0.096436,-0.4805977999059255,0.9091165916567489,1.89209,2.485620531303425,0.3143288369588106
0.094604,-0.47833966574356035,0.9230250127067732,0.732422,1.3718823856166604,0.3038764421993582
0.092773,-0.47061118067975016,0.9206692608907998,-0.488281,-0.5303720391297531,-0.15549546356838762
0.089111,-0.4687529355443803,0.9087254890402965,-1.281738,-2.4574550350826545,-1.1770364164935205
0.103394,-0.48920505735878633,0.8981777718328295,-2.075195,-4.2113304508136045,-2.4779190160445292
0.123657,-0.49047154153401473,0.8898980617633949,-2.075195,-4.480074118426976,-2.711236480735266
0.130493,-0.4811798075593434,0.8941389835669583,-2.13623,-2.938465329751588,-2.315455115654996
0.131714,-0.47740402663611925,0.8895986633778287,-1.89209,-0.8240906733622401,-2.0046113950904223
0.112915,-0.4768036529136126,0.8833834948046263,-1.770019,0.9473504636096475,-1.5063278227094479
0.122559,-0.47269422582558684,0.8924132719341129,-1.831055,1.629733834721304,-1.5099583497085585
0.122437,-0.46176785864803416,0.9000415056943813,-1.586914,0.9155546140379442,-1.3260045990941476
0.117188,-0.45826882754917353,0.8907418229917723,-1.647949,-0.5517166523979345,-1.0889095744802764
0.127319,-0.46461257007195556,0.8824340296141872,-1.159668,-1.7573583888615025,-0.9296373621483294
0.12854,-0.47111279620429003,0.8714950901213242,-0.610352,-2.7967588386605797,-0.3072143520213936
0.116455,-0.4798446924109719,0.8823517493052414,0.793457,-3.1254632145550283,0.5025011297015638
0.121216,-0.4879275840207188,0.8817936917588515,1.525879,-2.499557057649361,1.1706553572902085
0.128662,-0.4869653071770823,0.8840703773489585,2.01416,-1.7817463251591381,1.669085151435632
0.120239,-0.4849702343365984,0.8875212445386897,2.441406,-0.24013834764332523,2.064865358059971
0.094116,-0.47722623827994787,0.8942166942677655,2.624511,1.0362099201974215,1.8560830362390723
0.09729,-0.48081972692857167,0.887881444838405,2.258301,1.3932269988848422,1.237290553111247
0.09314,-0.47617201786753804,0.899484791962575,2.01416,0.537487508874923,0.46663394457372
0.097412,-0.4802531762887601,0.8916998352548671,1.770019,-0.38532879667264003,0.42786965818087086
0.110718,-0.47767270806360146,0.886204441480173,1.708984,-0.6399898898238051,-0.23680061146946757
0.120972,-0.4860157223176995,0.898368491511142,2.075195,-0.5904807651426062,-0.16609425374046638
0.128174,-0.48160146209715976,0.9070803728065545,2.380371,0.7567212406475213,0.6292438930795246
0.117676,-0.47847666709685205,0.9076313584742918,2.258301,1.8987712779676824,0.8306181279781784
0.09436,-0.4784769721244487,0.899202248384433,2.197266,2.4680536516065557,1.1169286752884202
0.098999,-0.49114284739579706,0.8930026564937803,1.708984,1.7679571790335813,0.8695286361354763
0.084839,-0.4924496938773649,0.9060347111772757,1.89209,-0.7565748452348948,0.4243855265943867
0.106445,-0.48361748067743177,0.9079637148037436,1.281738,-1.0077518067995759,-0.6115307916182064
0.108887,-0.4769987568414103,0.9041734616746662,1.525879,-1.3329718774593629,-0.1730623432652569
0.115234,-0.48397663047968453,0.916329443308754,1.403808,0.2262019949455665,-0.579882148618705
0.116577,-0.47712568194880933,0.9112164197192034,1.098633,0.9935216784688111,-0.010745011936527517
0.107422,-0.4669779555257091,0.9120136658806318,1.220703,2.35132230078284,0.7244853936783633
0.115112,-0.47702111208549175,0.8979713558030238,0.488281,2.987680852447959,0.27890147558024375
0.116211,-0.4774086502234918,0.9029852325657289,0.244141,2.6942566313598753,0.537046700317893
0.106201,-0.4716836654038774,0.8894923789826211,-0.061035,2.0507826099495863,0.6714921374106801
0.106934,-0.47693766161013995,0.8890614858815173,0.305176,1.2799786211916797,0.4736020340985105
0.120117,-0.4804240007247468,0.8863397400120501,0.732422,0.7920012218057085,0.07767462090196943
0.123047,-0.47076258854918557,0.8983316100819732,1.098633,0.48086291444855395,0.08478910583938641
0.121094,-0.4750908843133837,0.8933533788923211,1.342773,0.9264468325466735,0.7211476575045057
0.120361,-0.4818808455714568,0.8875704589452815,1.403808,1.3400863623967796,0.4842006506224116
0.115845,-0.47544576953509476,0.8820114442478518,1.525879,1.3188891293489773,0.6044161330326119
0.11853,-0.47676800734055935,0.8880993287068245,1.403808,1.3543164907275442,1.1064764541771457
0.115479,-0.4715779253741537,0.8825695674839513,1.586914,1.732677024227216,1.4210988931207844
0.123901,-0.4820800583431907,0.8788585119601595,1.953125,1.220018260206959,1.5166330108966983
0.115234,-0.4803250392565546,0.8864810716355929,2.563476,2.0085353504261834,1.9655536803609226
0.123535,-0.4709053296770217,0.8878942564916025,2.929687,2.1075535997885817,2.106966395818925
0.118164,-0.48412219061610723,0.8848194596012575,3.540039,2.383411752339371,2.651422167866816
0.111816,-0.47425711572961726,0.8921376922761555,3.662109,1.736454757798528,3.1571128423622827
0.112549,-0.47769260330592717,0.8947538717640768,4.150391,1.6374355236283775,3.015699953256103
0.104736,-0.47812220657168125,0.9084371517083758,4.211426,1.3758073257601748,3.0935209695706987
0.108521,-0.4829183308453861,0.8955677990847517,3.90625,1.2661894750661227,3.012215821669619
0.114014,-0.4802035488961034,0.8928235243230251,3.723144,1.3440114761884716,3.2738441931859987
0.122192,-0.4858958151097192,0.8941756139477645,3.845215,1.7647666494319252,3.3480346825014844
0.118286,-0.49008967748084975,0.8940555330916065,3.967285,1.7930783674171442,3.5389575074484387
0.129517,-0.4904485879452154,0.9066353242376696,4.089355,2.3906736174971672,4.01619006854606
0.119873,-0.4869685212601615,0.9079932615954215,4.638672,3.1015160868144225,5.257111959815992
0.130981,-0.49836509334769497,0.9311460098913292,4.577637,3.624921021227138,6.155098709349314
0.138672,-0.5397165068622501,0.9386047269625326,4.577637,3.168885693177319,6.632478477019137
0.161133,-0.5739424966646693,0.9372803255714514,4.089355,2.224872154581954,6.713929673036488
0.204468,-0.5969653694651722,0.9483435204541181,3.845215,2.49724617554626,7.6296314936466345
0.247925,-0.6209517549654273,0.9465927298803619,4.150391,4.322120566183285,10.98826479267202
0.298462,-0.6428571031688569,0.9520264566020975,4.516602,7.794882701559963,16.248860884074496
0.359253,-0.6690821226636441,0.9728133290580019,6.103515,12.275691404176973,24.228246953739358
0.493652,-0.7316656786293034,1.0078886820383095,8.300781,18.383333885827028,35.28344118172864
0.68689,-0.7864061934688383,1.1032244560169304,11.047362,26.12159610583981,51.15045693685376
0.836304,-0.8466528127413397,1.2143246012159097,13.549804,35.7664707374044,73.42738340955309
0.905518,-0.902826593037863,1.3213074362886348,14.831542,45.55712869768073,101.55581642425419
0.97644,-0.9334566884136541,1.492911629329685,14.709472,54.831939914380754,132.25829817615195
0.9375,-0.8652733309922026,1.6032295217621393,10.009766,63.361056108635715,165.4323246643826
0.866211,-0.7642921648737457,1.6723518405770965,3.051758,70.84700518073083,197.49273779364984
0.723389,-0.6286283250982903,1.6748292566462164,-6.591796,75.53619263579454,229.24595232781974
0.385742,-0.4892084799729927,1.6834228141306373,-15.075683,74.26714364594257,256.47787233811
0.075317,-0.37331867758862936,1.665183775139692,-26.855467,71.1328420946685,269.6840429918065
-0.07251,-0.3193795062885011,1.70655067002504,-40.40527,69.52415811277463,270.02015626578276
-0.219971,-0.24555985746546763,1.725144804198053,-59.814449,68.64678075480805,266.2088235789141
-0.401855,-0.19512927876665628,1.710486286465929,-81.481926,66.02220362710642,258.24685637121434
-0.472778,-0.15430103657162259,1.6413293876324528,-106.811516,64.00464514690982,242.27297283373616
-0.557495,-0.08564070497877345,1.630133031280496,-131.896973,52.10093437548515,223.31635960051287
-0.660156,0.015606156356015739,1.5747296625845946,-158.508301,38.560382178056,205.55856762517823
-0.810791,0.08366588133408523,1.4586861480656457,-183.898911,26.274528389169753,184.5513161507212
-0.908203,0.15136492733666504,1.3383650156726175,-200.805649,30.95971330005711,162.19816233886354
-1.099243,0.15581815541632296,1.1739200216482613,-218.444809,36.49337942532701,139.25088263639603
-1.181519,0.15354482173432835,1.0525412450439047,-230.65184,44.1257246163727,105.45586217229803
-1.120483,0.09984732340818073,0.9662213795984966,-242.24852,56.7396190721213,70.12214235942719
-1.13916,0.1278753226285079,0.8902217859896796,-253.051743,69.00826570806285,43.77614560029364
-1.077881,0.173945431567124,0.7456351810382387,-264.160156,75.59075747652417,11.717295328927277
-1.025879,0.15189361055484235,0.6169255337539644,-267.39502,83.73664050106282,-15.851469411457863
-0.983887,0.2031993379201567,0.487639534989535,-270.874023,93.21200455146827,-42.875927960360485
-0.889526,0.26245812917795064,0.29145828205321284,-270.935059,98.4124538094342,-72.01765473446835
-0.825806,0.2557866720691789,0.16409790538509123,-265.441895,98.0410308462826,-98.73313685798165
-0.817017,0.2241445563792648,0.032829040643043234,-256.958008,99.99712394711702,-117.91090017262437
-0.761597,0.24041405076888106,-0.08404131460714946,-245.483383,104.31121163592921,-139.21392248370313
-0.697998,0.23474437913723384,-0.0722730564697149,-228.698715,103.38212128654871,-158.9003981301002
-0.605469,0.2752180050704914,-0.09302617153263364,-219.177231,100.53438566057913,-169.81462079848484
-0.484253,0.2998887834912752,-0.15139691862492796,-212.036118,97.50313610774445,-178.28213228526747
-0.356201,0.30010522823335367,-0.22151660904547696,-192.565903,102.48728585781872,-186.5138703619477
-0.264404,0.2768733057531115,-0.23738791078389826,-168.273911,109.17565550353012,-194.56906161647987
-0.216553,0.2087460788802993,-0.3065437115862921,-143.737793,115.89626001140292,-199.64368685079785
-0.139404,0.17845873424319525,-0.4623633035150136,-113.952629,122.11175398144748,-201.15074931477866
-0.108521,0.11195567786433687,-0.5400334216832666,-76.721191,119.35375827072382,-202.38077916118803
-0.060791,0.07846995428162629,-0.6137399239482791,-44.494625,116.0579903124102,-206.1847013871413
-0.023926,0.03603360339657724,-0.6212225975721248,-12.023925,112.51118390948247,-209.97091190081863
0.005005,-0.0426102890759735,-0.5962922176960402,18.371582,110.96231522526479,-211.7314608192818
0.053833,-0.11211125786101661,-0.523391407152258,46.752926,112.24214762469202,-212.31148918966497
0.136353,-0.1892784642237658,-0.5061331603650294,71.044922,107.41899295392355,-215.88891738152142
0.234741,-0.2790934372827514,-0.419956144250443,96.130363,105.79549279818518,-220.38960071786695
0.252441,-0.33382846339610445,-0.3401137971320713,120.605461,102.74740585215672,-222.7863626608235
0.296387,-0.38375156712688785,-0.2791303779520561,143.920898,99.28582936362542,-223.89254551301582
0.421875,-0.4495308026985107,-0.14297633651144023,167.053207,90.39015461667711,-223.3538847546575
0.695435,-0.49218214128772514,0.034937243314688206,186.645493,83.57749815299937,-219.16316468021842
0.963989,-0.5535662938674724,0.20099478425777914,206.176743,80.5028646928293,-209.10728679709115
1.253784,-0.6781304048719652,0.3865291370921272,224.8535,78.44412437846698,-190.75332843228787
1.41394,-0.8074606865735168,0.5238727270990777,232.54393,71.6805756133599,-163.99442244096687
1.331909,-0.8847624459982772,0.5341657922322857,228.576645,59.179791943676065,-128.95065314610528
1.406738,-0.9671663690633245,0.5769017564836018,230.590805,40.162370786384066,-96.6673152307938
1.351196,-0.9339550189045035,0.6071767927449867,234.43602,20.728125939945812,-61.66853735495006
1.128418,-0.9895518426860219,0.5414702759798531,228.942856,8.470077573231796,-35.382646367406096
1.152222,-1.0072564510539184,0.30234099185400753,212.097153,-1.7586790185652643,-10.412307757845007
1.31543,-0.8200201267333959,0.21127879904085323,210.327133,-16.90975342015352,9.785557743952625
1.230591,-0.5917171863534904,0.34635936592924504,229.980453,-31.193021878931997,41.23027308690921
1.255615,-0.40836390452882587,0.8572732592440825,233.520493,-38.51540328712671,66.58913397716785
0.843872,-0.6566769275378765,1.3425221767123305,235.534653,-71.26297953408799,90.62564870738126
1.215698,-0.685895457277791,1.5454879382482059,220.031723,35.82152007580676,87.87765877930734
1.042358,-0.8519599685866808,1.5916941141204806,200.500473,-38.92434680753872,100.54223863199813
0.513306,-0.9594346247892167,1.6627335851147576,184.326157,-51.73730357178957,128.2177329850821
0.391479,-1.0397132276203163,1.5240047492893005,153.137207,-25.944783744858807,126.75390826375353
0.407715,-0.9598281267380592,1.3774471116512996,125.732414,-21.337526865656418,128.7438497067639
0.095093,-0.9114184591668271,1.3173127866892382,116.271965,-6.6218378596487995,130.34699567528162
-0.119141,-0.8637278070479188,1.3336554635040465,98.083488,-3.0876835506570073,119.44248409746028
-0.166748,-0.7945379555354181,1.2533856767055374,75.256348,-6.0910620204153405,108.00500387488327
-0.201904,-0.7067354609354386,1.2425904156146437,63.415524,-16.01003817374182,97.82718683121239
-0.285522,-0.6548511138924807,1.301939686713166,53.955074,-27.781906833705715,86.2070736613729
-0.305786,-0.6306183661411631,1.2495659849877676,41.625973,-30.49912335191143,73.14668836548921
-0.25354,-0.5606708735932322,1.1825694111032983,31.86035,-24.47964164973782,60.44924875489437
-0.229736,-0.5195360837337943,1.1320600415841697,24.475096,-17.756287420820385,49.73522689827679
-0.17981,-0.5069037740511642,1.051982054583483,18.249512,-6.16070892998753,39.50845330183845
-0.114258,-0.4951348337232126,0.9718767297445117,13.732909,1.6765309984852232,29.85851244849467
-0.092529,-0.4823389389303294,0.9450034480236377,11.596679,6.5831535078779115,23.47240518694221
-0.092407,-0.4921588786321162,0.9606255685024097,9.399414,3.9234432582939403,17.115639799165347
-0.072876,-0.4946417948933759,0.9557259788420838,5.554199,1.719768510407966,10.281493658910906
-0.046509,-0.4852132332135906,0.9753615396858816,1.647949,-5.762655254091079,3.508188685595669
-0.002563,-0.48498302807822363,0.9466442339871282,-3.051758,-7.283800409100949,-2.2759575771762193
